xml_mn,mn,onset_beat,duration_beat,onset_quarter,duration_quarter,onset_div,duration_div,pitch,voice,id,label,duration_qb,timesig,volta,phraseend,phrase_type
1,1,0.0,1.0,0.0,1.0,0,8,60,6,n24-1,C.I{,2.0,4/4,,{,1
1,1,0.0,0.25,0.0,0.25,0,2,64,5,n8-1,,,,,,0
1,1,0.0,0.5,0.0,0.5,0,4,72,1,n1-1,,,,,,0
1,1,0.25,0.25,0.25,0.25,2,2,67,5,n9-1,,,,,,0
1,1,0.5,0.25,0.5,0.25,4,2,64,5,n10-1,,,,,,0
1,1,0.5,0.5,0.5,0.5,4,4,72,1,n2-1,,,,,,0
1,1,0.75,0.25,0.75,0.25,6,2,67,5,n11-1,,,,,,0
1,1,1.0,0.5,1.0,0.5,8,4,72,1,n3-1,,,,,,0
1,1,1.0,0.25,1.0,0.25,8,2,64,5,n12-1,,,,,,0
1,1,1.25,0.25,1.25,0.25,10,2,67,5,n13-1,,,,,,0
1,1,1.5,0.25,1.5,0.25,12,2,64,5,n14-1,,,,,,0
1,1,1.5,0.5,1.5,0.5,12,4,72,1,n4-1,,,,,,0
1,1,1.75,0.25,1.75,0.25,14,2,67,5,n15-1,,,,,,0
1,1,2.0,0.5,2.0,0.5,16,4,71,1,n5-1,,,,,,0
1,1,2.0,0.25,2.0,0.25,16,2,65,5,n16-1,,,,,,0
1,1,2.0,1.0,2.0,1.0,16,8,62,6,n25-1,V43,,,,,0
1,1,2.25,0.25,2.25,0.25,18,2,67,5,n17-1,,,,,,0
1,1,2.5,0.5,2.5,0.5,20,4,77,1,n6-1,,,,,,0
1,1,2.5,0.25,2.5,0.25,20,2,65,5,n18-1,,,,,,0
1,1,2.75,0.25,2.75,0.25,22,2,67,5,n19-1,,,,,,0
1,1,3.0,0.5,3.0,0.5,24,4,59,6,n26-1,V65,,,,,0
1,1,3.0,0.25,3.0,0.25,24,2,62,5,n20-1,,,,,,0
1,1,3.0,1.0,3.0,1.0,24,8,77,1,n7-1,,,,,,0
1,1,3.25,0.25,3.25,0.25,26,2,67,5,n21-1,,,,,,0
1,1,3.5,0.5,3.5,0.5,28,4,55,6,n27-1,V7,,,,,0
1,1,3.5,0.25,3.5,0.25,28,2,59,5,n22-1,,,,,,0
1,1,3.75,0.25,3.75,0.25,30,2,67,5,n23-1,,,,,,0
2,2,4.0,0.25,4.0,0.25,32,2,60,6,n54-1,I,,,,,0
2,2,4.0,1.0,4.0,1.0,32,8,76,1,n28-1,,,,,,0
2,2,4.25,0.25,4.25,0.25,34,2,67,6,n55-1,,,,,,0
2,2,4.5,0.25,4.5,0.25,36,2,59,6,n56-1,iii64,,,,,0
2,2,4.75,0.25,4.75,0.25,38,2,67,6,n57-1,,,,,,0
2,2,5.0,0.0,5.0,0.0,40,0,79,1,n29-1,,,,,,0
2,2,5.0,0.5,5.0,0.5,40,4,77,1,n30-1,,,,,,0
2,2,5.0,0.25,5.0,0.25,40,2,57,5,n42-1,IV6,,,,,0
2,2,5.25,0.25,5.25,0.25,42,2,60,5,n43-1,,,,,,0
2,2,5.5,0.25,5.5,0.25,44,2,76,1,n31-1,,,,,,0
2,2,5.5,0.25,5.5,0.25,44,2,53,5,n44-1,ii6,,,,,0
2,2,5.75,0.25,5.75,0.25,46,2,74,1,n32-1,,,,,,0
2,2,5.75,0.25,5.75,0.25,46,2,65,5,n45-1,,,,,,0
2,2,6.0,1.5,6.0,1.5,48,12,55,6,n58-1,V(64),,,,,0
2,2,6.0,0.25,6.0,0.25,48,2,72,1,n33-1,,,,,,0
2,2,6.0,0.25,6.0,0.25,48,2,64,5,n46-1,,,,,,0
2,2,6.25,0.25,6.25,0.25,50,2,62,5,n47-1,,,,,,0
2,2,6.25,0.25,6.25,0.25,50,2,71,1,n34-1,,,,,,0
2,2,6.5,0.25,6.5,0.25,52,2,60,5,n48-1,,,,,,0
2,2,6.5,0.25,6.5,0.25,52,2,69,1,n35-1,,,,,,0
2,2,6.75,0.25,6.75,0.25,54,2,59,5,n49-1,,,,,,0
2,2,6.75,0.25,6.75,0.25,54,2,67,1,n36-1,,,,,,0
2,2,7.0,0.25,7.0,0.25,56,2,60,5,n50-1,V,,,,,0
2,2,7.0,0.25,7.0,0.25,56,2,69,1,n37-1,,,,,,0
2,2,7.25,0.25,7.25,0.25,58,2,59,5,n51-1,,,,,,0
2,2,7.25,0.25,7.25,0.25,58,2,67,1,n38-1,,,,,,0
2,2,7.5,0.25,7.5,0.25,60,2,69,1,n39-1,,,,,,0
2,2,7.5,0.25,7.5,0.25,60,2,60,5,n52-1,,,,,,0
2,2,7.5,0.5,7.5,0.5,60,4,53,6,n59-1,viio64,,,,,0
2,2,7.75,0.25,7.75,0.25,62,2,71,1,n40-1,,,,,,0
2,2,7.75,0.25,7.75,0.25,62,2,62,5,n53-1,,,,,,0
3,3,8.0,0.5,8.0,0.5,64,4,72,1,n60-1,,,,,,0
3,3,8.0,1.0,8.0,1.0,64,8,52,6,n83-1,I6,,,,,0
3,3,8.0,0.25,8.0,0.25,64,2,55,5,n67-1,,,,,,0
3,3,8.25,0.25,8.25,0.25,66,2,60,5,n68-1,,,,,,0
3,3,8.5,0.25,8.5,0.25,68,2,55,5,n69-1,,,,,,0
3,3,8.5,0.5,8.5,0.5,68,4,72,1,n61-1,,,,,,0
3,3,8.75,0.25,8.75,0.25,70,2,60,5,n70-1,,,,,,0
3,3,9.0,0.5,9.0,0.5,72,4,50,6,n84-1,,,,,,0
3,3,9.0,0.25,9.0,0.25,72,2,53,5,n71-1,,,,,,0
3,3,9.0,0.5,9.0,0.5,72,4,72,1,n62-1,,,,,,0
3,3,9.25,0.25,9.25,0.25,74,2,60,5,n72-1,,,,,,0
3,3,9.5,0.5,9.5,0.5,76,4,48,6,n85-1,I,,,,,0
3,3,9.5,0.25,9.5,0.25,76,2,52,5,n73-1,,,,,,0
3,3,9.5,0.5,9.5,0.5,76,4,72,1,n63-1,,,,,,0
3,3,9.75,0.25,9.75,0.25,78,2,60,5,n74-1,,,,,,0
3,3,10.0,1.0,10.0,1.0,80,8,50,6,n86-1,V43,,,,,0
3,3,10.0,0.5,10.0,0.5,80,4,71,1,n64-1,,,,,,0
3,3,10.0,0.25,10.0,0.25,80,2,53,5,n75-1,,,,,,0
3,3,10.25,0.25,10.25,0.25,82,2,55,5,n76-1,,,,,,0
3,3,10.5,0.25,10.5,0.25,84,2,53,5,n77-1,,,,,,0
3,3,10.5,0.5,10.5,0.5,84,4,77,1,n65-1,,,,,,0
3,3,10.75,0.25,10.75,0.25,86,2,55,5,n78-1,,,,,,0
3,3,11.0,1.0,11.0,1.0,88,8,77,1,n66-1,,,,,,0
3,3,11.0,0.5,11.0,0.5,88,4,47,6,n87-1,V65,,,,,0
3,3,11.0,0.25,11.0,0.25,88,2,50,5,n79-1,,,,,,0
3,3,11.25,0.25,11.25,0.25,90,2,55,5,n80-1,,,,,,0
3,3,11.5,0.25,11.5,0.25,92,2,47,5,n81-1,,,,,,0
3,3,11.5,0.5,11.5,0.5,92,4,43,6,n88-1,V7,,,,,0
3,3,11.75,0.25,11.75,0.25,94,2,55,5,n82-1,,,,,,0
4,4,12.0,0.0,12.0,0.0,96,0,77,1,n89-1,,,,,,0
4,4,12.0,0.25,12.0,0.25,96,2,48,6,n109-1,I,,,,,0
4,4,12.0,0.5,12.0,0.5,96,4,76,1,n90-1,,,,,,0
4,4,12.25,0.25,12.25,0.25,98,2,55,6,n110-1,,,,,,0
4,4,12.5,0.25,12.5,0.25,100,2,57,5,n103-1,,,,,,0
4,4,12.5,0.5,12.5,0.5,100,4,53,6,n111-1,ii6,,,,,0
4,4,12.5,0.25,12.5,0.25,100,2,77,1,n91-1,,,,,,0
4,4,12.75,0.25,12.75,0.25,102,2,65,5,n104-1,,,,,,0
4,4,12.75,0.25,12.75,0.25,102,2,74,1,n92-1,,,,,,0
4,4,13.0,0.5,13.0,0.5,104,4,55,6,n112-1,V(64),,,,,0
4,4,13.0,0.5,13.0,0.5,104,4,64,5,n105-1,,,,,,0
4,4,13.0,0.5,13.0,0.5,104,4,72,1,n93-1,,,,,,0
4,4,13.5,0.5,13.5,0.5,108,4,65,1,n94-1,,,,,,0
4,4,13.5,0.5,13.5,0.5,108,4,62,5,n106-1,,,,,,0
4,4,13.5,0.5,13.5,0.5,108,4,55,6,n113-1,V7,,,,,0
4,4,13.5,0.5,13.5,0.5,108,4,71,1,n95-1,,,,,,0
4,4,14.0,1.0,14.0,1.0,112,8,71,1,n98-1,,,,,,0
4,4,14.0,1.0,14.0,1.0,112,8,65,1,n97-1,,,,,,0
4,4,14.0,0.5,14.0,0.5,112,4,60,6,n114-1,I(974)},1.0,4/4,,},3
4,4,14.0,1.0,14.0,1.0,112,8,62,1,n96-1,,,,,,0
4,4,14.5,0.5,14.5,0.5,116,4,55,6,n115-1,,,,,,0
4,4,15.0,0.5,15.0,0.5,120,4,72,1,n101-1,,,,,,0
4,4,15.0,0.5,15.0,0.5,120,4,64,1,n99-1,,,,,,0
4,4,15.0,0.5,15.0,0.5,120,4,48,6,n116-1,I|PAC,,,,,0
4,4,15.0,0.5,15.0,0.5,120,4,67,1,n100-1,,,,,,0
5,5,16.0,1.0,16.0,1.0,128,8,76,1,n117-1,,,,,,0
5,5,16.0,0.25,16.0,0.25,128,2,60,5,n126-1,{,0.0,4/4,,{,1
5,5,16.25,0.25,16.25,0.25,130,2,67,5,n127-1,,,,,,0
5,5,16.5,0.25,16.5,0.25,132,2,64,5,n128-1,,,,,,0
5,5,16.75,0.25,16.75,0.25,134,2,67,5,n129-1,,,,,,0
5,5,17.0,0.25,17.0,0.25,136,2,59,5,n130-1,V65,,,,,0
5,5,17.0,0.75,17.0,0.75,136,6,79,1,n118-1,,,,,,0
5,5,17.25,0.25,17.25,0.25,138,2,67,5,n131-1,,,,,,0
5,5,17.5,0.25,17.5,0.25,140,2,62,5,n132-1,,,,,,0
5,5,17.75,0.25,17.75,0.25,142,2,67,5,n133-1,,,,,,0
5,5,17.75,0.25,17.75,0.25,142,2,77,1,n119-1,,,,,,0
5,5,18.0,0.5,18.0,0.5,144,4,76,1,n120-1,,,,,,0
5,5,18.0,0.25,18.0,0.25,144,2,60,5,n134-1,I,,,,,0
5,5,18.25,0.25,18.25,0.25,146,2,67,5,n135-1,,,,,,0
5,5,18.5,0.25,18.5,0.25,148,2,62,5,n136-1,V64,,,,,0
5,5,18.75,0.25,18.75,0.25,150,2,67,5,n137-1,,,,,,0
5,5,18.875,0.125,18.875,0.125,151,1,74,1,n122-1,,,,,,0
5,5,19.0,0.5,19.0,0.5,152,4,72,1,n123-1,,,,,,0
5,5,19.0,0.25,19.0,0.25,152,2,64,5,n138-1,I6,,,,,0
5,5,19.25,0.25,19.25,0.25,154,2,67,5,n139-1,,,,,,0
5,5,19.5,0.25,19.5,0.25,156,2,60,5,n140-1,I,,,,,0
5,5,19.75,0.25,19.75,0.25,158,2,67,5,n141-1,,,,,,0
5,5,19.875,0.125,19.875,0.125,159,1,76,1,n125-1,,,,,,0
6,6,20.0,0.25,20.0,0.25,160,2,59,5,n152-1,V.I6,,,,,0
6,6,20.0,0.5,20.0,0.5,160,4,74,1,n142-1,,,,,,0
6,6,20.25,0.25,20.25,0.25,162,2,62,5,n153-1,,,,,,0
6,6,20.5,0.25,20.5,0.25,164,2,57,5,n154-1,viio6,,,,,0
6,6,20.75,0.25,20.75,0.25,166,2,60,5,n155-1,,,,,,0
6,6,20.875,0.125,20.875,0.125,167,1,78,1,n144-1,,,,,,0
6,6,21.0,0.25,21.0,0.25,168,2,59,5,n156-1,I6,,,,,0
6,6,21.0,0.5,21.0,0.5,168,4,79,1,n145-1,,,,,,0
6,6,21.25,0.25,21.25,0.25,170,2,62,5,n157-1,,,,,,0
6,6,21.5,0.25,21.5,0.25,172,2,55,5,n158-1,I,,,,,0
6,6,21.75,0.25,21.75,0.25,174,2,59,5,n159-1,,,,,,0
6,6,21.875,0.125,21.875,0.125,175,1,83,1,n147-1,,,,,,0
6,6,22.0,0.5,22.0,0.5,176,4,74,1,n148-1,,,,,,0
6,6,22.0,0.25,22.0,0.25,176,2,57,5,n160-1,V43,,,,,0
6,6,22.25,0.25,22.25,0.25,178,2,62,5,n161-1,,,,,,0
6,6,22.5,0.25,22.5,0.25,180,2,54,5,n162-1,V65,,,,,0
6,6,22.5,0.5,22.5,0.5,180,4,72,1,n149-1,,,,,,0
6,6,22.75,0.25,22.75,0.25,182,2,62,5,n163-1,,,,,,0
6,6,23.0,0.25,23.0,0.25,184,2,55,5,n164-1,I},1.0,4/4,,},3
6,6,23.0,0.5,23.0,0.5,184,4,71,1,n150-1,,,,,,0
6,6,23.25,0.25,23.25,0.25,186,2,54,5,n165-1,,,,,,0
6,6,23.5,0.25,23.5,0.25,188,2,52,5,n166-1,,,,,,0
6,6,23.75,0.25,23.75,0.25,190,2,50,5,n167-1,,,,,,0
7,7,24.0,1.0,24.0,1.0,192,8,69,1,n168-1,,,,,,0
7,7,24.0,0.25,24.0,0.25,192,2,48,5,n181-1,ii6{,2.0,4/4,,{,1
7,7,24.25,0.25,24.25,0.25,194,2,52,5,n182-1,,,,,,0
7,7,24.5,0.25,24.5,0.25,196,2,57,5,n183-1,,,,,,0
7,7,24.75,0.25,24.75,0.25,198,2,60,5,n184-1,,,,,,0
7,7,25.0,0.25,25.0,0.25,200,2,72,1,n169-1,,,,,,0
7,7,25.0,0.25,25.0,0.25,200,2,64,5,n185-1,,,,,,0
7,7,25.25,0.25,25.25,0.25,202,2,62,5,n186-1,,,,,,0
7,7,25.25,0.25,25.25,0.25,202,2,71,1,n170-1,,,,,,0
7,7,25.5,0.25,25.5,0.25,204,2,60,5,n187-1,,,,,,0
7,7,25.5,0.25,25.5,0.25,204,2,69,1,n171-1,,,,,,0
7,7,25.75,0.25,25.75,0.25,206,2,59,5,n188-1,,,,,,0
7,7,25.75,0.25,25.75,0.25,206,2,67,1,n172-1,,,,,,0
7,7,26.0,0.25,26.0,0.25,208,2,66,1,n173-1,,,,,,0
7,7,26.0,0.25,26.0,0.25,208,2,57,5,n189-1,viio6,,,,,0
7,7,26.25,0.25,26.25,0.25,210,2,67,1,n174-1,,,,,,0
7,7,26.25,0.25,26.25,0.25,210,2,59,5,n190-1,,,,,,0
7,7,26.5,0.25,26.5,0.25,212,2,69,1,n175-1,,,,,,0
7,7,26.5,0.25,26.5,0.25,212,2,60,5,n191-1,,,,,,0
7,7,26.75,0.25,26.75,0.25,214,2,59,5,n192-1,,,,,,0
7,7,26.75,0.25,26.75,0.25,214,2,71,1,n176-1,,,,,,0
7,7,27.0,0.25,27.0,0.25,216,2,72,1,n177-1,,,,,,0
7,7,27.0,0.25,27.0,0.25,216,2,57,5,n193-1,,,,,,0
7,7,27.25,0.25,27.25,0.25,218,2,59,5,n194-1,,,,,,0
7,7,27.25,0.25,27.25,0.25,218,2,74,1,n178-1,,,,,,0
7,7,27.5,0.25,27.5,0.25,220,2,60,5,n195-1,,,,,,0
7,7,27.5,0.25,27.5,0.25,220,2,76,1,n179-1,,,,,,0
7,7,27.75,0.25,27.75,0.25,222,2,57,5,n196-1,,,,,,0
7,7,27.75,0.25,27.75,0.25,222,2,78,1,n180-1,,,,,,0
8,8,28.0,0.25,28.0,0.25,224,2,59,5,n210-1,I6,,,,,0
8,8,28.0,0.25,28.0,0.25,224,2,79,1,n197-1,,,,,,0
8,8,28.25,0.25,28.25,0.25,226,2,54,5,n211-1,viio,,,,,0
8,8,28.25,0.25,28.25,0.25,226,2,81,1,n198-1,,,,,,0
8,8,28.5,0.25,28.5,0.25,228,2,55,5,n212-1,I,,,,,0
8,8,28.5,0.25,28.5,0.25,228,2,83,1,n199-1,,,,,,0
8,8,28.75,0.25,28.75,0.25,230,2,84,1,n200-1,,,,,,0
8,8,28.75,0.25,28.75,0.25,230,2,57,5,n213-1,viio6,,,,,0
8,8,29.0,0.25,29.0,0.25,232,2,86,1,n201-1,,,,,,0
8,8,29.0,0.25,29.0,0.25,232,2,59,5,n214-1,I6,,,,,0
8,8,29.25,0.25,29.25,0.25,234,2,83,1,n202-1,,,,,,0
8,8,29.25,0.25,29.25,0.25,234,2,55,5,n215-1,,,,,,0
8,8,29.5,0.25,29.5,0.25,236,2,60,5,n216-1,ii6,,,,,0
8,8,29.5,0.25,29.5,0.25,236,2,88,1,n203-1,,,,,,0
8,8,29.75,0.25,29.75,0.25,238,2,84,1,n204-1,,,,,,0
8,8,29.75,0.25,29.75,0.25,238,2,57,5,n217-1,,,,,,0
8,8,30.0,1.0,30.0,1.0,240,8,79,1,n205-1,,,,,,0
8,8,30.0,0.25,30.0,0.25,240,2,62,5,n218-1,V(64),,,,,0
8,8,30.0,1.0,30.0,1.0,240,8,83,1,n206-1,,,,,,0
8,8,30.25,0.25,30.25,0.25,242,2,67,5,n219-1,,,,,,0
8,8,30.5,0.25,30.5,0.25,244,2,64,5,n220-1,vii%7/V,,,,,0
8,8,30.75,0.25,30.75,0.25,246,2,61,5,n221-1,,,,,,0
8,8,31.0,0.25,31.0,0.25,248,2,62,5,n222-1,V|HC},1.0,4/4,,},3
8,8,31.0,0.5,31.0,0.5,248,4,78,1,n207-1,,,,,,0
8,8,31.0,0.5,31.0,0.5,248,4,81,1,n208-1,,,,,,0
8,8,31.25,0.25,31.25,0.25,250,2,60,5,n223-1,,,,,,0
8,8,31.5,0.25,31.5,0.25,252,2,59,5,n224-1,,,,,,0
8,8,31.75,0.25,31.75,0.25,254,2,57,5,n225-1,,,,,,0
9,9,32.0,0.25,32.0,0.25,256,2,55,5,n242-1,I{,2.0,4/4,,{,1
9,9,32.0,0.75,32.0,0.75,256,6,74,1,n226-1,,,,,,0
9,9,32.25,0.25,32.25,0.25,258,2,62,5,n243-1,,,,,,0
9,9,32.5,0.25,32.5,0.25,260,2,59,5,n244-1,,,,,,0
9,9,32.75,0.125,32.75,0.125,262,1,76,1,n227-1,,,,,,0
9,9,32.75,0.25,32.75,0.25,262,2,62,5,n245-1,,,,,,0
9,9,32.875,0.125,32.875,0.125,263,1,78,1,n228-1,,,,,,0
9,9,33.0,0.25,33.0,0.25,264,2,79,1,n229-1,,,,,,0
9,9,33.0,0.25,33.0,0.25,264,2,55,5,n246-1,,,,,,0
9,9,33.25,0.25,33.25,0.25,266,2,78,1,n230-1,,,,,,0
9,9,33.25,0.25,33.25,0.25,266,2,62,5,n247-1,,,,,,0
9,9,33.5,0.25,33.5,0.25,268,2,76,1,n231-1,,,,,,0
9,9,33.5,0.25,33.5,0.25,268,2,59,5,n248-1,,,,,,0
9,9,33.75,0.25,33.75,0.25,270,2,62,5,n249-1,,,,,,0
9,9,33.75,0.25,33.75,0.25,270,2,74,1,n232-1,,,,,,0
9,9,34.0,0.25,34.0,0.25,272,2,57,5,n250-1,V43,,,,,0
9,9,34.0,0.25,34.0,0.25,272,2,74,1,n233-1,,,,,,0
9,9,34.25,0.25,34.25,0.25,274,2,62,5,n251-1,,,,,,0
9,9,34.25,0.125,34.25,0.125,274,1,72,1,n234-1,,,,,,0
9,9,34.5,0.25,34.5,0.25,276,2,60,5,n252-1,,,,,,0
9,9,34.5,0.25,34.5,0.25,276,2,71,1,n236-1,,,,,,0
9,9,34.75,0.25,34.75,0.25,278,2,62,5,n253-1,,,,,,0
9,9,34.75,0.125,34.75,0.125,278,1,69,1,n237-1,,,,,,0
9,9,35.0,0.25,35.0,0.25,280,2,57,5,n254-1,,,,,,0
9,9,35.0,0.5,35.0,0.5,280,4,67,1,n239-1,,,,,,0
9,9,35.25,0.25,35.25,0.25,282,2,62,5,n255-1,,,,,,0
9,9,35.5,0.25,35.5,0.25,284,2,66,1,n240-1,,,,,,0
9,9,35.5,0.25,35.5,0.25,284,2,60,5,n256-1,,,,,,0
9,9,35.75,0.25,35.75,0.25,286,2,62,5,n257-1,,,,,,0
10,10,36.0,0.75,36.0,0.75,288,6,74,1,n258-1,,,,,,0
10,10,36.0,0.25,36.0,0.25,288,2,55,5,n278-1,I,,,,,0
10,10,36.25,0.25,36.25,0.25,290,2,62,5,n279-1,,,,,,0
10,10,36.5,0.25,36.5,0.25,292,2,59,5,n280-1,,,,,,0
10,10,36.75,0.125,36.75,0.125,294,1,76,1,n259-1,,,,,,0
10,10,36.75,0.25,36.75,0.25,294,2,62,5,n281-1,,,,,,0
10,10,36.875,0.125,36.875,0.125,295,1,78,1,n260-1,,,,,,0
10,10,37.0,0.25,37.0,0.25,296,2,55,5,n282-1,,,,,,0
10,10,37.0,0.125,37.0,0.125,296,1,79,1,n261-1,,,,,,0
10,10,37.125,0.125,37.125,0.125,297,1,81,1,n262-1,,,,,,0
10,10,37.25,0.25,37.25,0.25,298,2,62,5,n283-1,,,,,,0
10,10,37.25,0.125,37.25,0.125,298,1,83,1,n263-1,,,,,,0
10,10,37.375,0.125,37.375,0.125,299,1,78,1,n264-1,,,,,,0
10,10,37.5,0.25,37.5,0.25,300,2,59,5,n284-1,,,,,,0
10,10,37.5,0.125,37.5,0.125,300,1,79,1,n265-1,,,,,,0
10,10,37.625,0.125,37.625,0.125,301,1,74,1,n266-1,,,,,,0
10,10,37.75,0.25,37.75,0.25,302,2,62,5,n285-1,,,,,,0
10,10,37.75,0.125,37.75,0.125,302,1,76,1,n267-1,,,,,,0
10,10,37.875,0.125,37.875,0.125,303,1,71,1,n268-1,,,,,,0
10,10,38.0,0.25,38.0,0.25,304,2,57,5,n286-1,V43,,,,,0
10,10,38.0,0.25,38.0,0.25,304,2,74,1,n269-1,,,,,,0
10,10,38.25,0.25,38.25,0.25,306,2,62,5,n287-1,,,,,,0
10,10,38.25,0.125,38.25,0.125,306,1,74,1,n270-1,,,,,,0
10,10,38.375,0.125,38.375,0.125,307,1,72,1,n271-1,,,,,,0
10,10,38.5,0.25,38.5,0.25,308,2,60,5,n288-1,,,,,,0
10,10,38.5,0.25,38.5,0.25,308,2,71,1,n272-1,,,,,,0
10,10,38.75,0.25,38.75,0.25,310,2,62,5,n289-1,,,,,,0
10,10,38.75,0.125,38.75,0.125,310,1,71,1,n273-1,,,,,,0
10,10,38.875,0.125,38.875,0.125,311,1,69,1,n274-1,,,,,,0
10,10,39.0,0.25,39.0,0.25,312,2,57,5,n290-1,,,,,,0
10,10,39.0,0.5,39.0,0.5,312,4,67,1,n275-1,,,,,,0
10,10,39.25,0.25,39.25,0.25,314,2,62,5,n291-1,,,,,,0
10,10,39.5,0.25,39.5,0.25,316,2,66,1,n276-1,,,,,,0
10,10,39.5,0.25,39.5,0.25,316,2,60,5,n292-1,,,,,,0
10,10,39.75,0.25,39.75,0.25,318,2,62,5,n293-1,,,,,,0
11,11,40.0,0.25,40.0,0.25,320,2,67,1,n294-1,,,,,,0
11,11,40.0,0.25,40.0,0.25,320,2,59,5,n304-1,I6,,,,,0
11,11,40.25,0.25,40.25,0.25,322,2,79,1,n295-1,,,,,,0
11,11,40.25,0.25,40.25,0.25,322,2,67,5,n305-1,,,,,,0
11,11,40.5,0.25,40.5,0.25,324,2,62,5,n306-1,,,,,,0
11,11,40.5,1.0,40.5,1.0,324,8,79,1,n296-1,,,,,,0
11,11,40.75,0.25,40.75,0.25,326,2,67,5,n307-1,,,,,,0
11,11,41.0,0.25,41.0,0.25,328,2,59,5,n308-1,,,,,,0
11,11,41.25,0.25,41.25,0.25,330,2,67,5,n309-1,,,,,,0
11,11,41.5,0.5,41.5,0.5,332,4,77,1,n297-1,,,,,,0
11,11,41.5,0.25,41.5,0.25,332,2,62,5,n310-1,V65/IV,,,,,0
11,11,41.75,0.25,41.75,0.25,334,2,67,5,n311-1,,,,,,0
11,11,42.0,0.5,42.0,0.5,336,4,75,1,n298-1,,,,,,0
11,11,42.0,0.25,42.0,0.25,336,2,60,5,n312-1,IV(#2),,,,,0
11,11,42.25,0.25,42.25,0.25,338,2,67,5,n313-1,,,,,,0
11,11,42.5,0.5,42.5,0.5,340,4,76,1,n299-1,,,,,,0
11,11,42.5,0.25,42.5,0.25,340,2,64,5,n314-1,IV,,,,,0
11,11,42.75,0.25,42.75,0.25,342,2,67,5,n315-1,,,,,,0
11,11,43.0,0.0,43.0,0.0,344,0,81,1,n300-1,,,,,,0
11,11,43.0,0.5,43.0,0.5,344,4,79,1,n301-1,,,,,,0
11,11,43.0,0.25,43.0,0.25,344,2,60,5,n316-1,,,,,,0
11,11,43.25,0.25,43.25,0.25,346,2,67,5,n317-1,,,,,,0
11,11,43.5,0.25,43.5,0.25,348,2,78,1,n302-1,,,,,,0
11,11,43.5,0.25,43.5,0.25,348,2,64,5,n318-1,,,,,,0
11,11,43.75,0.25,43.75,0.25,350,2,67,5,n319-1,,,,,,0
11,11,43.75,0.25,43.75,0.25,350,2,76,1,n303-1,,,,,,0
12,12,44.0,0.5,44.0,0.5,352,4,74,1,n321-1,,,,,,0
12,12,44.0,0.0,44.0,0.0,352,0,76,1,n320-1,,,,,,0
12,12,44.0,0.25,44.0,0.25,352,2,59,5,n330-1,I6,,,,,0
12,12,44.25,0.25,44.25,0.25,354,2,67,5,n331-1,,,,,,0
12,12,44.5,0.25,44.5,0.25,356,2,76,1,n322-1,,,,,,0
12,12,44.5,0.25,44.5,0.25,356,2,60,5,n332-1,ii6,,,,,0
12,12,44.75,0.25,44.75,0.25,358,2,72,1,n323-1,,,,,,0
12,12,44.75,0.25,44.75,0.25,358,2,69,5,n333-1,,,,,,0
12,12,45.0,0.5,45.0,0.5,360,4,71,1,n324-1,,,,,,0
12,12,45.0,0.25,45.0,0.25,360,2,62,5,n334-1,V(64),,,,,0
12,12,45.25,0.25,45.25,0.25,362,2,67,5,n335-1,,,,,,0
12,12,45.5,0.25,45.5,0.25,364,2,60,5,n336-1,viio64,,,,,0
12,12,45.5,0.5,45.5,0.5,364,4,69,1,n325-1,,,,,,0
12,12,45.75,0.25,45.75,0.25,366,2,66,5,n337-1,,,,,,0
12,12,46.0,0.25,46.0,0.25,368,2,59,5,n338-1,I6,,,,,0
12,12,46.0,0.25,46.0,0.25,368,2,67,1,n326-1,,,,,,0
12,12,46.25,0.25,46.25,0.25,370,2,79,1,n327-1,,,,,,0
12,12,46.25,0.25,46.25,0.25,370,2,67,5,n339-1,,,,,,0
12,12,46.5,1.0,46.5,1.0,372,8,79,1,n328-1,,,,,,0
12,12,46.5,0.25,46.5,0.25,372,2,62,5,n340-1,,,,,,0
12,12,46.75,0.25,46.75,0.25,374,2,67,5,n341-1,,,,,,0
12,12,47.0,0.25,47.0,0.25,376,2,59,5,n342-1,,,,,,0
12,12,47.25,0.25,47.25,0.25,378,2,67,5,n343-1,,,,,,0
12,12,47.5,0.5,47.5,0.5,380,4,77,1,n329-1,,,,,,0
12,12,47.5,0.25,47.5,0.25,380,2,62,5,n344-1,V65/IV,,,,,0
12,12,47.75,0.25,47.75,0.25,382,2,67,5,n345-1,,,,,,0
13,13,48.0,1.0,48.0,1.0,384,8,60,5,n369-1,IV(#2),,,,,0
13,13,48.0,1.0,48.0,1.0,384,8,67,5,n370-1,,,,,,0
13,13,48.0,0.5,48.0,0.5,384,4,75,1,n346-1,,,,,,0
13,13,48.5,0.5,48.5,0.5,388,4,76,1,n347-1,IV,,,,,0
13,13,49.5,0.0,49.5,0.0,396,0,81,1,n349-1,,,,,,0
13,13,49.5,0.25,49.5,0.25,396,2,79,1,n350-1,,,,,,0
13,13,49.75,0.125,49.75,0.125,398,1,78,1,n351-1,,,,,,0
13,13,49.875,0.125,49.875,0.125,399,1,76,1,n352-1,,,,,,0
13,13,50.0,0.5,50.0,0.5,400,4,59,5,n373-1,I6,,,,,0
13,13,50.0,0.5,50.0,0.5,400,4,67,5,n374-1,,,,,,0
13,13,50.0,0.125,50.0,0.125,400,1,73,1,n353-1,,,,,,0
13,13,50.125,0.125,50.125,0.125,401,1,74,1,n354-1,,,,,,0
13,13,50.25,0.125,50.25,0.125,402,1,73,1,n355-1,,,,,,0
13,13,50.375,0.125,50.375,0.125,403,1,74,1,n356-1,,,,,,0
13,13,50.5,0.5,50.5,0.5,404,4,60,5,n375-1,IV,,,,,0
13,13,50.5,0.25,50.5,0.25,404,2,76,1,n358-1,,,,,,0
13,13,50.5,0.0,50.5,0.0,404,0,78,1,n357-1,,,,,,0
13,13,50.5,0.5,50.5,0.5,404,4,67,5,n376-1,,,,,,0
13,13,50.75,0.125,50.75,0.125,406,1,74,1,n359-1,,,,,,0
13,13,50.875,0.125,50.875,0.125,407,1,72,1,n360-1,,,,,,0
13,13,51.0,0.5,51.0,0.5,408,4,62,5,n377-1,V(64),,,,,0
13,13,51.0,0.5,51.0,0.5,408,4,67,5,n378-1,,,,,,0
13,13,51.0,0.125,51.0,0.125,408,1,70,1,n361-1,,,,,,0
13,13,51.125,0.125,51.125,0.125,409,1,71,1,n362-1,,,,,,0
13,13,51.25,0.125,51.25,0.125,410,1,70,1,n363-1,,,,,,0
13,13,51.375,0.125,51.375,0.125,411,1,71,1,n364-1,,,,,,0
13,13,51.5,0.5,51.5,0.5,412,4,66,5,n380-1,,,,,,0
13,13,51.5,0.25,51.5,0.25,412,2,72,1,n366-1,,,,,,0
13,13,51.5,0.5,51.5,0.5,412,4,62,5,n379-1,V,,,,,0
13,13,51.5,0.0,51.5,0.0,412,0,74,1,n365-1,,,,,,0
13,13,51.75,0.125,51.75,0.125,414,1,71,1,n367-1,,,,,,0
13,13,51.875,0.125,51.875,0.125,415,1,69,1,n368-1,,,,,,0
14,14,52.0,0.5,52.0,0.5,416,4,55,5,n394-1,I|PAC},3.0,4/4,1.0,},3
14,14,52.0,0.5,52.0,0.5,416,4,67,5,n395-1,,,,,,0
14,14,52.0,0.5,52.0,0.5,416,4,67,1,n381-1,,,,,,0
14,14,52.5,0.125,52.5,0.125,420,1,72,1,n382-1,,,,,,0
14,14,52.625,0.125,52.625,0.125,421,1,71,1,n383-1,,,,,,0
14,14,52.75,0.125,52.75,0.125,422,1,72,1,n384-1,,,,,,0
14,14,52.875,0.125,52.875,0.125,423,1,69,1,n385-1,,,,,,0
14,14,53.0,0.5,53.0,0.5,424,4,67,1,n386-1,,,,,,0
14,14,53.5,0.125,53.5,0.125,428,1,72,1,n387-1,,,,,,0
14,14,53.625,0.125,53.625,0.125,429,1,71,1,n388-1,,,,,,0
14,14,53.75,0.125,53.75,0.125,430,1,72,1,n389-1,,,,,,0
14,14,53.875,0.125,53.875,0.125,431,1,69,1,n390-1,,,,,,0
14,14,54.0,0.5,54.0,0.5,432,4,67,1,n391-1,,,,,,0
14,14,54.25,0.25,54.25,0.25,434,2,66,5,n399-1,,,,,,0
14,14,54.5,0.25,54.5,0.25,436,2,67,5,n400-1,,,,,,0
14,14,54.75,0.25,54.75,0.25,438,2,68,5,n401-1,,,,,,0
14,14,55.0,0.25,55.0,0.25,440,2,69,5,n402-1,I.vii%7,,,1.0,,0
14,14,55.25,0.25,55.25,0.25,442,2,65,5,n403-1,,,,,,0
14,14,55.5,0.25,55.5,0.25,444,2,62,5,n404-1,,,,,,0
14,14,55.75,0.25,55.75,0.25,446,2,59,5,n405-1,,,,,,0
1,1,56.0,1.0,56.0,1.0,448,8,60,6,n24-2,C.I{,2.0,4/4,,{,1
1,1,56.0,0.25,56.0,0.25,448,2,64,5,n8-2,,,,,,0
1,1,56.0,0.5,56.0,0.5,448,4,72,1,n1-2,,,,,,0
1,1,56.25,0.25,56.25,0.25,450,2,67,5,n9-2,,,,,,0
1,1,56.5,0.5,56.5,0.5,452,4,72,1,n2-2,,,,,,0
1,1,56.5,0.25,56.5,0.25,452,2,64,5,n10-2,,,,,,0
1,1,56.75,0.25,56.75,0.25,454,2,67,5,n11-2,,,,,,0
1,1,57.0,0.25,57.0,0.25,456,2,64,5,n12-2,,,,,,0
1,1,57.0,0.5,57.0,0.5,456,4,72,1,n3-2,,,,,,0
1,1,57.25,0.25,57.25,0.25,458,2,67,5,n13-2,,,,,,0
1,1,57.5,0.5,57.5,0.5,460,4,72,1,n4-2,,,,,,0
1,1,57.5,0.25,57.5,0.25,460,2,64,5,n14-2,,,,,,0
1,1,57.75,0.25,57.75,0.25,462,2,67,5,n15-2,,,,,,0
1,1,58.0,1.0,58.0,1.0,464,8,62,6,n25-2,V43,,,,,0
1,1,58.0,0.25,58.0,0.25,464,2,65,5,n16-2,,,,,,0
1,1,58.0,0.5,58.0,0.5,464,4,71,1,n5-2,,,,,,0
1,1,58.25,0.25,58.25,0.25,466,2,67,5,n17-2,,,,,,0
1,1,58.5,0.25,58.5,0.25,468,2,65,5,n18-2,,,,,,0
1,1,58.5,0.5,58.5,0.5,468,4,77,1,n6-2,,,,,,0
1,1,58.75,0.25,58.75,0.25,470,2,67,5,n19-2,,,,,,0
1,1,59.0,1.0,59.0,1.0,472,8,77,1,n7-2,,,,,,0
1,1,59.0,0.25,59.0,0.25,472,2,62,5,n20-2,,,,,,0
1,1,59.0,0.5,59.0,0.5,472,4,59,6,n26-2,V65,,,,,0
1,1,59.25,0.25,59.25,0.25,474,2,67,5,n21-2,,,,,,0
1,1,59.5,0.25,59.5,0.25,476,2,59,5,n22-2,,,,,,0
1,1,59.5,0.5,59.5,0.5,476,4,55,6,n27-2,V7,,,,,0
1,1,59.75,0.25,59.75,0.25,478,2,67,5,n23-2,,,,,,0
2,2,60.0,0.25,60.0,0.25,480,2,60,6,n54-2,I,,,,,0
2,2,60.0,1.0,60.0,1.0,480,8,76,1,n28-2,,,,,,0
2,2,60.25,0.25,60.25,0.25,482,2,67,6,n55-2,,,,,,0
2,2,60.5,0.25,60.5,0.25,484,2,59,6,n56-2,iii64,,,,,0
2,2,60.75,0.25,60.75,0.25,486,2,67,6,n57-2,,,,,,0
2,2,61.0,0.25,61.0,0.25,488,2,57,5,n42-2,IV6,,,,,0
2,2,61.0,0.5,61.0,0.5,488,4,77,1,n30-2,,,,,,0
2,2,61.0,0.0,61.0,0.0,488,0,79,1,n29-2,,,,,,0
2,2,61.25,0.25,61.25,0.25,490,2,60,5,n43-2,,,,,,0
2,2,61.5,0.25,61.5,0.25,492,2,53,5,n44-2,ii6,,,,,0
2,2,61.5,0.25,61.5,0.25,492,2,76,1,n31-2,,,,,,0
2,2,61.75,0.25,61.75,0.25,494,2,65,5,n45-2,,,,,,0
2,2,61.75,0.25,61.75,0.25,494,2,74,1,n32-2,,,,,,0
2,2,62.0,1.5,62.0,1.5,496,12,55,6,n58-2,V(64),,,,,0
2,2,62.0,0.25,62.0,0.25,496,2,64,5,n46-2,,,,,,0
2,2,62.0,0.25,62.0,0.25,496,2,72,1,n33-2,,,,,,0
2,2,62.25,0.25,62.25,0.25,498,2,62,5,n47-2,,,,,,0
2,2,62.25,0.25,62.25,0.25,498,2,71,1,n34-2,,,,,,0
2,2,62.5,0.25,62.5,0.25,500,2,69,1,n35-2,,,,,,0
2,2,62.5,0.25,62.5,0.25,500,2,60,5,n48-2,,,,,,0
2,2,62.75,0.25,62.75,0.25,502,2,67,1,n36-2,,,,,,0
2,2,62.75,0.25,62.75,0.25,502,2,59,5,n49-2,,,,,,0
2,2,63.0,0.25,63.0,0.25,504,2,60,5,n50-2,V,,,,,0
2,2,63.0,0.25,63.0,0.25,504,2,69,1,n37-2,,,,,,0
2,2,63.25,0.25,63.25,0.25,506,2,67,1,n38-2,,,,,,0
2,2,63.25,0.25,63.25,0.25,506,2,59,5,n51-2,,,,,,0
2,2,63.5,0.5,63.5,0.5,508,4,53,6,n59-2,viio64,,,,,0
2,2,63.5,0.25,63.5,0.25,508,2,60,5,n52-2,,,,,,0
2,2,63.5,0.25,63.5,0.25,508,2,69,1,n39-2,,,,,,0
2,2,63.75,0.25,63.75,0.25,510,2,71,1,n40-2,,,,,,0
2,2,63.75,0.25,63.75,0.25,510,2,62,5,n53-2,,,,,,0
3,3,64.0,0.25,64.0,0.25,512,2,55,5,n67-2,,,,,,0
3,3,64.0,0.5,64.0,0.5,512,4,72,1,n60-2,,,,,,0
3,3,64.0,1.0,64.0,1.0,512,8,52,6,n83-2,I6,,,,,0
3,3,64.25,0.25,64.25,0.25,514,2,60,5,n68-2,,,,,,0
3,3,64.5,0.25,64.5,0.25,516,2,55,5,n69-2,,,,,,0
3,3,64.5,0.5,64.5,0.5,516,4,72,1,n61-2,,,,,,0
3,3,64.75,0.25,64.75,0.25,518,2,60,5,n70-2,,,,,,0
3,3,65.0,0.5,65.0,0.5,520,4,50,6,n84-2,,,,,,0
3,3,65.0,0.25,65.0,0.25,520,2,53,5,n71-2,,,,,,0
3,3,65.0,0.5,65.0,0.5,520,4,72,1,n62-2,,,,,,0
3,3,65.25,0.25,65.25,0.25,522,2,60,5,n72-2,,,,,,0
3,3,65.5,0.5,65.5,0.5,524,4,48,6,n85-2,I,,,,,0
3,3,65.5,0.5,65.5,0.5,524,4,72,1,n63-2,,,,,,0
3,3,65.5,0.25,65.5,0.25,524,2,52,5,n73-2,,,,,,0
3,3,65.75,0.25,65.75,0.25,526,2,60,5,n74-2,,,,,,0
3,3,66.0,0.25,66.0,0.25,528,2,53,5,n75-2,,,,,,0
3,3,66.0,1.0,66.0,1.0,528,8,50,6,n86-2,V43,,,,,0
3,3,66.0,0.5,66.0,0.5,528,4,71,1,n64-2,,,,,,0
3,3,66.25,0.25,66.25,0.25,530,2,55,5,n76-2,,,,,,0
3,3,66.5,0.5,66.5,0.5,532,4,77,1,n65-2,,,,,,0
3,3,66.5,0.25,66.5,0.25,532,2,53,5,n77-2,,,,,,0
3,3,66.75,0.25,66.75,0.25,534,2,55,5,n78-2,,,,,,0
3,3,67.0,1.0,67.0,1.0,536,8,77,1,n66-2,,,,,,0
3,3,67.0,0.25,67.0,0.25,536,2,50,5,n79-2,,,,,,0
3,3,67.0,0.5,67.0,0.5,536,4,47,6,n87-2,V65,,,,,0
3,3,67.25,0.25,67.25,0.25,538,2,55,5,n80-2,,,,,,0
3,3,67.5,0.25,67.5,0.25,540,2,47,5,n81-2,,,,,,0
3,3,67.5,0.5,67.5,0.5,540,4,43,6,n88-2,V7,,,,,0
3,3,67.75,0.25,67.75,0.25,542,2,55,5,n82-2,,,,,,0
4,4,68.0,0.25,68.0,0.25,544,2,48,6,n109-2,I,,,,,0
4,4,68.0,0.5,68.0,0.5,544,4,76,1,n90-2,,,,,,0
4,4,68.0,0.0,68.0,0.0,544,0,77,1,n89-2,,,,,,0
4,4,68.25,0.25,68.25,0.25,546,2,55,6,n110-2,,,,,,0
4,4,68.5,0.25,68.5,0.25,548,2,57,5,n103-2,,,,,,0
4,4,68.5,0.25,68.5,0.25,548,2,77,1,n91-2,,,,,,0
4,4,68.5,0.5,68.5,0.5,548,4,53,6,n111-2,ii6,,,,,0
4,4,68.75,0.25,68.75,0.25,550,2,74,1,n92-2,,,,,,0
4,4,68.75,0.25,68.75,0.25,550,2,65,5,n104-2,,,,,,0
4,4,69.0,0.5,69.0,0.5,552,4,55,6,n112-2,V(64),,,,,0
4,4,69.0,0.5,69.0,0.5,552,4,64,5,n105-2,,,,,,0
4,4,69.0,0.5,69.0,0.5,552,4,72,1,n93-2,,,,,,0
4,4,69.5,0.5,69.5,0.5,556,4,65,1,n94-2,,,,,,0
4,4,69.5,0.5,69.5,0.5,556,4,71,1,n95-2,,,,,,0
4,4,69.5,0.5,69.5,0.5,556,4,55,6,n113-2,V7,,,,,0
4,4,69.5,0.5,69.5,0.5,556,4,62,5,n106-2,,,,,,0
4,4,70.0,0.5,70.0,0.5,560,4,60,6,n114-2,I(974)},1.0,4/4,,},3
4,4,70.0,1.0,70.0,1.0,560,8,62,1,n96-2,,,,,,0
4,4,70.0,1.0,70.0,1.0,560,8,71,1,n98-2,,,,,,0
4,4,70.0,1.0,70.0,1.0,560,8,65,1,n97-2,,,,,,0
4,4,70.5,0.5,70.5,0.5,564,4,55,6,n115-2,,,,,,0
4,4,71.0,0.5,71.0,0.5,568,4,48,6,n116-2,I|PAC,,,,,0
4,4,71.0,0.5,71.0,0.5,568,4,64,1,n99-2,,,,,,0
4,4,71.0,0.5,71.0,0.5,568,4,67,1,n100-2,,,,,,0
4,4,71.0,0.5,71.0,0.5,568,4,72,1,n101-2,,,,,,0
5,5,72.0,0.25,72.0,0.25,576,2,60,5,n126-2,{,0.0,4/4,,{,1
5,5,72.0,1.0,72.0,1.0,576,8,76,1,n117-2,,,,,,0
5,5,72.25,0.25,72.25,0.25,578,2,67,5,n127-2,,,,,,0
5,5,72.5,0.25,72.5,0.25,580,2,64,5,n128-2,,,,,,0
5,5,72.75,0.25,72.75,0.25,582,2,67,5,n129-2,,,,,,0
5,5,73.0,0.25,73.0,0.25,584,2,59,5,n130-2,V65,,,,,0
5,5,73.0,0.75,73.0,0.75,584,6,79,1,n118-2,,,,,,0
5,5,73.25,0.25,73.25,0.25,586,2,67,5,n131-2,,,,,,0
5,5,73.5,0.25,73.5,0.25,588,2,62,5,n132-2,,,,,,0
5,5,73.75,0.25,73.75,0.25,590,2,77,1,n119-2,,,,,,0
5,5,73.75,0.25,73.75,0.25,590,2,67,5,n133-2,,,,,,0
5,5,74.0,0.5,74.0,0.5,592,4,76,1,n120-2,,,,,,0
5,5,74.0,0.25,74.0,0.25,592,2,60,5,n134-2,I,,,,,0
5,5,74.25,0.25,74.25,0.25,594,2,67,5,n135-2,,,,,,0
5,5,74.5,0.25,74.5,0.25,596,2,62,5,n136-2,V64,,,,,0
5,5,74.75,0.25,74.75,0.25,598,2,67,5,n137-2,,,,,,0
5,5,74.875,0.125,74.875,0.125,599,1,74,1,n122-2,,,,,,0
5,5,75.0,0.5,75.0,0.5,600,4,72,1,n123-2,,,,,,0
5,5,75.0,0.25,75.0,0.25,600,2,64,5,n138-2,I6,,,,,0
5,5,75.25,0.25,75.25,0.25,602,2,67,5,n139-2,,,,,,0
5,5,75.5,0.25,75.5,0.25,604,2,60,5,n140-2,I,,,,,0
5,5,75.75,0.25,75.75,0.25,606,2,67,5,n141-2,,,,,,0
5,5,75.875,0.125,75.875,0.125,607,1,76,1,n125-2,,,,,,0
6,6,76.0,0.5,76.0,0.5,608,4,74,1,n142-2,,,,,,0
6,6,76.0,0.25,76.0,0.25,608,2,59,5,n152-2,V.I6,,,,,0
6,6,76.25,0.25,76.25,0.25,610,2,62,5,n153-2,,,,,,0
6,6,76.5,0.25,76.5,0.25,612,2,57,5,n154-2,viio6,,,,,0
6,6,76.75,0.25,76.75,0.25,614,2,60,5,n155-2,,,,,,0
6,6,76.875,0.125,76.875,0.125,615,1,78,1,n144-2,,,,,,0
6,6,77.0,0.25,77.0,0.25,616,2,59,5,n156-2,I6,,,,,0
6,6,77.0,0.5,77.0,0.5,616,4,79,1,n145-2,,,,,,0
6,6,77.25,0.25,77.25,0.25,618,2,62,5,n157-2,,,,,,0
6,6,77.5,0.25,77.5,0.25,620,2,55,5,n158-2,I,,,,,0
6,6,77.75,0.25,77.75,0.25,622,2,59,5,n159-2,,,,,,0
6,6,77.875,0.125,77.875,0.125,623,1,83,1,n147-2,,,,,,0
6,6,78.0,0.25,78.0,0.25,624,2,57,5,n160-2,V43,,,,,0
6,6,78.0,0.5,78.0,0.5,624,4,74,1,n148-2,,,,,,0
6,6,78.25,0.25,78.25,0.25,626,2,62,5,n161-2,,,,,,0
6,6,78.5,0.5,78.5,0.5,628,4,72,1,n149-2,,,,,,0
6,6,78.5,0.25,78.5,0.25,628,2,54,5,n162-2,V65,,,,,0
6,6,78.75,0.25,78.75,0.25,630,2,62,5,n163-2,,,,,,0
6,6,79.0,0.25,79.0,0.25,632,2,55,5,n164-2,I},1.0,4/4,,},3
6,6,79.0,0.5,79.0,0.5,632,4,71,1,n150-2,,,,,,0
6,6,79.25,0.25,79.25,0.25,634,2,54,5,n165-2,,,,,,0
6,6,79.5,0.25,79.5,0.25,636,2,52,5,n166-2,,,,,,0
6,6,79.75,0.25,79.75,0.25,638,2,50,5,n167-2,,,,,,0
7,7,80.0,1.0,80.0,1.0,640,8,69,1,n168-2,,,,,,0
7,7,80.0,0.25,80.0,0.25,640,2,48,5,n181-2,ii6{,2.0,4/4,,{,1
7,7,80.25,0.25,80.25,0.25,642,2,52,5,n182-2,,,,,,0
7,7,80.5,0.25,80.5,0.25,644,2,57,5,n183-2,,,,,,0
7,7,80.75,0.25,80.75,0.25,646,2,60,5,n184-2,,,,,,0
7,7,81.0,0.25,81.0,0.25,648,2,64,5,n185-2,,,,,,0
7,7,81.0,0.25,81.0,0.25,648,2,72,1,n169-2,,,,,,0
7,7,81.25,0.25,81.25,0.25,650,2,62,5,n186-2,,,,,,0
7,7,81.25,0.25,81.25,0.25,650,2,71,1,n170-2,,,,,,0
7,7,81.5,0.25,81.5,0.25,652,2,69,1,n171-2,,,,,,0
7,7,81.5,0.25,81.5,0.25,652,2,60,5,n187-2,,,,,,0
7,7,81.75,0.25,81.75,0.25,654,2,67,1,n172-2,,,,,,0
7,7,81.75,0.25,81.75,0.25,654,2,59,5,n188-2,,,,,,0
7,7,82.0,0.25,82.0,0.25,656,2,57,5,n189-2,viio6,,,,,0
7,7,82.0,0.25,82.0,0.25,656,2,66,1,n173-2,,,,,,0
7,7,82.25,0.25,82.25,0.25,658,2,59,5,n190-2,,,,,,0
7,7,82.25,0.25,82.25,0.25,658,2,67,1,n174-2,,,,,,0
7,7,82.5,0.25,82.5,0.25,660,2,60,5,n191-2,,,,,,0
7,7,82.5,0.25,82.5,0.25,660,2,69,1,n175-2,,,,,,0
7,7,82.75,0.25,82.75,0.25,662,2,59,5,n192-2,,,,,,0
7,7,82.75,0.25,82.75,0.25,662,2,71,1,n176-2,,,,,,0
7,7,83.0,0.25,83.0,0.25,664,2,72,1,n177-2,,,,,,0
7,7,83.0,0.25,83.0,0.25,664,2,57,5,n193-2,,,,,,0
7,7,83.25,0.25,83.25,0.25,666,2,59,5,n194-2,,,,,,0
7,7,83.25,0.25,83.25,0.25,666,2,74,1,n178-2,,,,,,0
7,7,83.5,0.25,83.5,0.25,668,2,60,5,n195-2,,,,,,0
7,7,83.5,0.25,83.5,0.25,668,2,76,1,n179-2,,,,,,0
7,7,83.75,0.25,83.75,0.25,670,2,57,5,n196-2,,,,,,0
7,7,83.75,0.25,83.75,0.25,670,2,78,1,n180-2,,,,,,0
8,8,84.0,0.25,84.0,0.25,672,2,79,1,n197-2,,,,,,0
8,8,84.0,0.25,84.0,0.25,672,2,59,5,n210-2,I6,,,,,0
8,8,84.25,0.25,84.25,0.25,674,2,54,5,n211-2,viio,,,,,0
8,8,84.25,0.25,84.25,0.25,674,2,81,1,n198-2,,,,,,0
8,8,84.5,0.25,84.5,0.25,676,2,83,1,n199-2,,,,,,0
8,8,84.5,0.25,84.5,0.25,676,2,55,5,n212-2,I,,,,,0
8,8,84.75,0.25,84.75,0.25,678,2,84,1,n200-2,,,,,,0
8,8,84.75,0.25,84.75,0.25,678,2,57,5,n213-2,viio6,,,,,0
8,8,85.0,0.25,85.0,0.25,680,2,86,1,n201-2,,,,,,0
8,8,85.0,0.25,85.0,0.25,680,2,59,5,n214-2,I6,,,,,0
8,8,85.25,0.25,85.25,0.25,682,2,83,1,n202-2,,,,,,0
8,8,85.25,0.25,85.25,0.25,682,2,55,5,n215-2,,,,,,0
8,8,85.5,0.25,85.5,0.25,684,2,88,1,n203-2,,,,,,0
8,8,85.5,0.25,85.5,0.25,684,2,60,5,n216-2,ii6,,,,,0
8,8,85.75,0.25,85.75,0.25,686,2,84,1,n204-2,,,,,,0
8,8,85.75,0.25,85.75,0.25,686,2,57,5,n217-2,,,,,,0
8,8,86.0,1.0,86.0,1.0,688,8,79,1,n205-2,,,,,,0
8,8,86.0,1.0,86.0,1.0,688,8,83,1,n206-2,,,,,,0
8,8,86.0,0.25,86.0,0.25,688,2,62,5,n218-2,V(64),,,,,0
8,8,86.25,0.25,86.25,0.25,690,2,67,5,n219-2,,,,,,0
8,8,86.5,0.25,86.5,0.25,692,2,64,5,n220-2,vii%7/V,,,,,0
8,8,86.75,0.25,86.75,0.25,694,2,61,5,n221-2,,,,,,0
8,8,87.0,0.5,87.0,0.5,696,4,78,1,n207-2,,,,,,0
8,8,87.0,0.25,87.0,0.25,696,2,62,5,n222-2,V|HC},1.0,4/4,,},3
8,8,87.0,0.5,87.0,0.5,696,4,81,1,n208-2,,,,,,0
8,8,87.25,0.25,87.25,0.25,698,2,60,5,n223-2,,,,,,0
8,8,87.5,0.25,87.5,0.25,700,2,59,5,n224-2,,,,,,0
8,8,87.75,0.25,87.75,0.25,702,2,57,5,n225-2,,,,,,0
9,9,88.0,0.25,88.0,0.25,704,2,55,5,n242-2,I{,2.0,4/4,,{,1
9,9,88.0,0.75,88.0,0.75,704,6,74,1,n226-2,,,,,,0
9,9,88.25,0.25,88.25,0.25,706,2,62,5,n243-2,,,,,,0
9,9,88.5,0.25,88.5,0.25,708,2,59,5,n244-2,,,,,,0
9,9,88.75,0.25,88.75,0.25,710,2,62,5,n245-2,,,,,,0
9,9,88.75,0.125,88.75,0.125,710,1,76,1,n227-2,,,,,,0
9,9,88.875,0.125,88.875,0.125,711,1,78,1,n228-2,,,,,,0
9,9,89.0,0.25,89.0,0.25,712,2,79,1,n229-2,,,,,,0
9,9,89.0,0.25,89.0,0.25,712,2,55,5,n246-2,,,,,,0
9,9,89.25,0.25,89.25,0.25,714,2,78,1,n230-2,,,,,,0
9,9,89.25,0.25,89.25,0.25,714,2,62,5,n247-2,,,,,,0
9,9,89.5,0.25,89.5,0.25,716,2,59,5,n248-2,,,,,,0
9,9,89.5,0.25,89.5,0.25,716,2,76,1,n231-2,,,,,,0
9,9,89.75,0.25,89.75,0.25,718,2,62,5,n249-2,,,,,,0
9,9,89.75,0.25,89.75,0.25,718,2,74,1,n232-2,,,,,,0
9,9,90.0,0.25,90.0,0.25,720,2,57,5,n250-2,V43,,,,,0
9,9,90.0,0.25,90.0,0.25,720,2,74,1,n233-2,,,,,,0
9,9,90.25,0.25,90.25,0.25,722,2,62,5,n251-2,,,,,,0
9,9,90.25,0.125,90.25,0.125,722,1,72,1,n234-2,,,,,,0
9,9,90.5,0.25,90.5,0.25,724,2,60,5,n252-2,,,,,,0
9,9,90.5,0.25,90.5,0.25,724,2,71,1,n236-2,,,,,,0
9,9,90.75,0.25,90.75,0.25,726,2,62,5,n253-2,,,,,,0
9,9,90.75,0.125,90.75,0.125,726,1,69,1,n237-2,,,,,,0
9,9,91.0,0.25,91.0,0.25,728,2,57,5,n254-2,,,,,,0
9,9,91.0,0.5,91.0,0.5,728,4,67,1,n239-2,,,,,,0
9,9,91.25,0.25,91.25,0.25,730,2,62,5,n255-2,,,,,,0
9,9,91.5,0.25,91.5,0.25,732,2,66,1,n240-2,,,,,,0
9,9,91.5,0.25,91.5,0.25,732,2,60,5,n256-2,,,,,,0
9,9,91.75,0.25,91.75,0.25,734,2,62,5,n257-2,,,,,,0
10,10,92.0,0.25,92.0,0.25,736,2,55,5,n278-2,I,,,,,0
10,10,92.0,0.75,92.0,0.75,736,6,74,1,n258-2,,,,,,0
10,10,92.25,0.25,92.25,0.25,738,2,62,5,n279-2,,,,,,0
10,10,92.5,0.25,92.5,0.25,740,2,59,5,n280-2,,,,,,0
10,10,92.75,0.25,92.75,0.25,742,2,62,5,n281-2,,,,,,0
10,10,92.75,0.125,92.75,0.125,742,1,76,1,n259-2,,,,,,0
10,10,92.875,0.125,92.875,0.125,743,1,78,1,n260-2,,,,,,0
10,10,93.0,0.25,93.0,0.25,744,2,55,5,n282-2,,,,,,0
10,10,93.0,0.125,93.0,0.125,744,1,79,1,n261-2,,,,,,0
10,10,93.125,0.125,93.125,0.125,745,1,81,1,n262-2,,,,,,0
10,10,93.25,0.25,93.25,0.25,746,2,62,5,n283-2,,,,,,0
10,10,93.25,0.125,93.25,0.125,746,1,83,1,n263-2,,,,,,0
10,10,93.375,0.125,93.375,0.125,747,1,78,1,n264-2,,,,,,0
10,10,93.5,0.125,93.5,0.125,748,1,79,1,n265-2,,,,,,0
10,10,93.5,0.25,93.5,0.25,748,2,59,5,n284-2,,,,,,0
10,10,93.625,0.125,93.625,0.125,749,1,74,1,n266-2,,,,,,0
10,10,93.75,0.125,93.75,0.125,750,1,76,1,n267-2,,,,,,0
10,10,93.75,0.25,93.75,0.25,750,2,62,5,n285-2,,,,,,0
10,10,93.875,0.125,93.875,0.125,751,1,71,1,n268-2,,,,,,0
10,10,94.0,0.25,94.0,0.25,752,2,57,5,n286-2,V43,,,,,0
10,10,94.0,0.25,94.0,0.25,752,2,74,1,n269-2,,,,,,0
10,10,94.25,0.125,94.25,0.125,754,1,74,1,n270-2,,,,,,0
10,10,94.25,0.25,94.25,0.25,754,2,62,5,n287-2,,,,,,0
10,10,94.375,0.125,94.375,0.125,755,1,72,1,n271-2,,,,,,0
10,10,94.5,0.25,94.5,0.25,756,2,60,5,n288-2,,,,,,0
10,10,94.5,0.25,94.5,0.25,756,2,71,1,n272-2,,,,,,0
10,10,94.75,0.25,94.75,0.25,758,2,62,5,n289-2,,,,,,0
10,10,94.75,0.125,94.75,0.125,758,1,71,1,n273-2,,,,,,0
10,10,94.875,0.125,94.875,0.125,759,1,69,1,n274-2,,,,,,0
10,10,95.0,0.5,95.0,0.5,760,4,67,1,n275-2,,,,,,0
10,10,95.0,0.25,95.0,0.25,760,2,57,5,n290-2,,,,,,0
10,10,95.25,0.25,95.25,0.25,762,2,62,5,n291-2,,,,,,0
10,10,95.5,0.25,95.5,0.25,764,2,60,5,n292-2,,,,,,0
10,10,95.5,0.25,95.5,0.25,764,2,66,1,n276-2,,,,,,0
10,10,95.75,0.25,95.75,0.25,766,2,62,5,n293-2,,,,,,0
11,11,96.0,0.25,96.0,0.25,768,2,67,1,n294-2,,,,,,0
11,11,96.0,0.25,96.0,0.25,768,2,59,5,n304-2,I6,,,,,0
11,11,96.25,0.25,96.25,0.25,770,2,67,5,n305-2,,,,,,0
11,11,96.25,0.25,96.25,0.25,770,2,79,1,n295-2,,,,,,0
11,11,96.5,0.25,96.5,0.25,772,2,62,5,n306-2,,,,,,0
11,11,96.5,1.0,96.5,1.0,772,8,79,1,n296-2,,,,,,0
11,11,96.75,0.25,96.75,0.25,774,2,67,5,n307-2,,,,,,0
11,11,97.0,0.25,97.0,0.25,776,2,59,5,n308-2,,,,,,0
11,11,97.25,0.25,97.25,0.25,778,2,67,5,n309-2,,,,,,0
11,11,97.5,0.5,97.5,0.5,780,4,77,1,n297-2,,,,,,0
11,11,97.5,0.25,97.5,0.25,780,2,62,5,n310-2,V65/IV,,,,,0
11,11,97.75,0.25,97.75,0.25,782,2,67,5,n311-2,,,,,,0
11,11,98.0,0.25,98.0,0.25,784,2,60,5,n312-2,IV(#2),,,,,0
11,11,98.0,0.5,98.0,0.5,784,4,75,1,n298-2,,,,,,0
11,11,98.25,0.25,98.25,0.25,786,2,67,5,n313-2,,,,,,0
11,11,98.5,0.25,98.5,0.25,788,2,64,5,n314-2,IV,,,,,0
11,11,98.5,0.5,98.5,0.5,788,4,76,1,n299-2,,,,,,0
11,11,98.75,0.25,98.75,0.25,790,2,67,5,n315-2,,,,,,0
11,11,99.0,0.5,99.0,0.5,792,4,79,1,n301-2,,,,,,0
11,11,99.0,0.25,99.0,0.25,792,2,60,5,n316-2,,,,,,0
11,11,99.0,0.0,99.0,0.0,792,0,81,1,n300-2,,,,,,0
11,11,99.25,0.25,99.25,0.25,794,2,67,5,n317-2,,,,,,0
11,11,99.5,0.25,99.5,0.25,796,2,78,1,n302-2,,,,,,0
11,11,99.5,0.25,99.5,0.25,796,2,64,5,n318-2,,,,,,0
11,11,99.75,0.25,99.75,0.25,798,2,76,1,n303-2,,,,,,0
11,11,99.75,0.25,99.75,0.25,798,2,67,5,n319-2,,,,,,0
12,12,100.0,0.25,100.0,0.25,800,2,59,5,n330-2,I6,,,,,0
12,12,100.0,0.5,100.0,0.5,800,4,74,1,n321-2,,,,,,0
12,12,100.0,0.0,100.0,0.0,800,0,76,1,n320-2,,,,,,0
12,12,100.25,0.25,100.25,0.25,802,2,67,5,n331-2,,,,,,0
12,12,100.5,0.25,100.5,0.25,804,2,60,5,n332-2,ii6,,,,,0
12,12,100.5,0.25,100.5,0.25,804,2,76,1,n322-2,,,,,,0
12,12,100.75,0.25,100.75,0.25,806,2,69,5,n333-2,,,,,,0
12,12,100.75,0.25,100.75,0.25,806,2,72,1,n323-2,,,,,,0
12,12,101.0,0.25,101.0,0.25,808,2,62,5,n334-2,V(64),,,,,0
12,12,101.0,0.5,101.0,0.5,808,4,71,1,n324-2,,,,,,0
12,12,101.25,0.25,101.25,0.25,810,2,67,5,n335-2,,,,,,0
12,12,101.5,0.5,101.5,0.5,812,4,69,1,n325-2,,,,,,0
12,12,101.5,0.25,101.5,0.25,812,2,60,5,n336-2,viio64,,,,,0
12,12,101.75,0.25,101.75,0.25,814,2,66,5,n337-2,,,,,,0
12,12,102.0,0.25,102.0,0.25,816,2,67,1,n326-2,,,,,,0
12,12,102.0,0.25,102.0,0.25,816,2,59,5,n338-2,I6,,,,,0
12,12,102.25,0.25,102.25,0.25,818,2,79,1,n327-2,,,,,,0
12,12,102.25,0.25,102.25,0.25,818,2,67,5,n339-2,,,,,,0
12,12,102.5,1.0,102.5,1.0,820,8,79,1,n328-2,,,,,,0
12,12,102.5,0.25,102.5,0.25,820,2,62,5,n340-2,,,,,,0
12,12,102.75,0.25,102.75,0.25,822,2,67,5,n341-2,,,,,,0
12,12,103.0,0.25,103.0,0.25,824,2,59,5,n342-2,,,,,,0
12,12,103.25,0.25,103.25,0.25,826,2,67,5,n343-2,,,,,,0
12,12,103.5,0.25,103.5,0.25,828,2,62,5,n344-2,V65/IV,,,,,0
12,12,103.5,0.5,103.5,0.5,828,4,77,1,n329-2,,,,,,0
12,12,103.75,0.25,103.75,0.25,830,2,67,5,n345-2,,,,,,0
13,13,104.0,0.5,104.0,0.5,832,4,75,1,n346-2,,,,,,0
13,13,104.0,1.0,104.0,1.0,832,8,67,5,n370-2,,,,,,0
13,13,104.0,1.0,104.0,1.0,832,8,60,5,n369-2,IV(#2),,,,,0
13,13,104.5,0.5,104.5,0.5,836,4,76,1,n347-2,IV,,,,,0
13,13,105.5,0.0,105.5,0.0,844,0,81,1,n349-2,,,,,,0
13,13,105.5,0.25,105.5,0.25,844,2,79,1,n350-2,,,,,,0
13,13,105.75,0.125,105.75,0.125,846,1,78,1,n351-2,,,,,,0
13,13,105.875,0.125,105.875,0.125,847,1,76,1,n352-2,,,,,,0
13,13,106.0,0.5,106.0,0.5,848,4,67,5,n374-2,,,,,,0
13,13,106.0,0.125,106.0,0.125,848,1,73,1,n353-2,,,,,,0
13,13,106.0,0.5,106.0,0.5,848,4,59,5,n373-2,I6,,,,,0
13,13,106.125,0.125,106.125,0.125,849,1,74,1,n354-2,,,,,,0
13,13,106.25,0.125,106.25,0.125,850,1,73,1,n355-2,,,,,,0
13,13,106.375,0.125,106.375,0.125,851,1,74,1,n356-2,,,,,,0
13,13,106.5,0.5,106.5,0.5,852,4,67,5,n376-2,,,,,,0
13,13,106.5,0.0,106.5,0.0,852,0,78,1,n357-2,,,,,,0
13,13,106.5,0.5,106.5,0.5,852,4,60,5,n375-2,IV,,,,,0
13,13,106.5,0.25,106.5,0.25,852,2,76,1,n358-2,,,,,,0
13,13,106.75,0.125,106.75,0.125,854,1,74,1,n359-2,,,,,,0
13,13,106.875,0.125,106.875,0.125,855,1,72,1,n360-2,,,,,,0
13,13,107.0,0.5,107.0,0.5,856,4,67,5,n378-2,,,,,,0
13,13,107.0,0.125,107.0,0.125,856,1,70,1,n361-2,,,,,,0
13,13,107.0,0.5,107.0,0.5,856,4,62,5,n377-2,V(64),,,,,0
13,13,107.125,0.125,107.125,0.125,857,1,71,1,n362-2,,,,,,0
13,13,107.25,0.125,107.25,0.125,858,1,70,1,n363-2,,,,,,0
13,13,107.375,0.125,107.375,0.125,859,1,71,1,n364-2,,,,,,0
13,13,107.5,0.0,107.5,0.0,860,0,74,1,n365-2,,,,,,0
13,13,107.5,0.25,107.5,0.25,860,2,72,1,n366-2,,,,,,0
13,13,107.5,0.5,107.5,0.5,860,4,66,5,n380-2,,,,,,0
13,13,107.5,0.5,107.5,0.5,860,4,62,5,n379-2,V,,,,,0
13,13,107.75,0.125,107.75,0.125,862,1,71,1,n367-2,,,,,,0
13,13,107.875,0.125,107.875,0.125,863,1,69,1,n368-2,,,,,,0
X1,14,108.0,0.5,108.0,0.5,864,4,55,5,n419-1,I|PAC},3.0,4/4,2.0,},3
X1,14,108.0,0.5,108.0,0.5,864,4,67,1,n406-1,,,,,,0
X1,14,108.5,0.125,108.5,0.125,868,1,72,1,n407-1,,,,,,0
X1,14,108.625,0.125,108.625,0.125,869,1,71,1,n408-1,,,,,,0
X1,14,108.75,0.125,108.75,0.125,870,1,72,1,n409-1,,,,,,0
X1,14,108.875,0.125,108.875,0.125,871,1,69,1,n410-1,,,,,,0
X1,14,109.0,0.5,109.0,0.5,872,4,67,1,n411-1,,,,,,0
X1,14,109.5,0.125,109.5,0.125,876,1,72,1,n412-1,,,,,,0
X1,14,109.625,0.125,109.625,0.125,877,1,71,1,n413-1,,,,,,0
X1,14,109.75,0.125,109.75,0.125,878,1,72,1,n414-1,,,,,,0
X1,14,109.875,0.125,109.875,0.125,879,1,69,1,n415-1,,,,,,0
X1,14,110.0,0.5,110.0,0.5,880,4,67,1,n416-1,,,,,,0
X1,14,110.25,0.25,110.25,0.25,882,2,66,5,n423-1,,,,,,0
X1,14,110.5,0.25,110.5,0.25,884,2,67,5,n424-1,,,,,,0
X1,14,110.75,0.25,110.75,0.25,886,2,69,5,n425-1,,,,,,0
X1,14,111.0,0.25,111.0,0.25,888,2,70,5,n426-1,ii.#viio7,,,2.0,,0
X1,14,111.25,0.25,111.25,0.25,890,2,67,5,n427-1,,,,,,0
X1,14,111.5,0.25,111.5,0.25,892,2,64,5,n428-1,,,,,,0
X1,14,111.75,0.25,111.75,0.25,894,2,62,5,n429-1,,,,,,0
15,15,112.0,0.5,112.0,0.5,896,4,61,5,n441-1,,,,,,0
15,15,112.25,0.25,112.25,0.25,898,2,78,1,n431-1,,,,,,0
15,15,112.5,0.25,112.5,0.25,900,2,79,1,n432-1,,,,,,0
15,15,112.75,0.25,112.75,0.25,902,2,81,1,n433-1,,,,,,0
15,15,113.0,0.25,113.0,0.25,904,2,82,1,n434-1,,,,,,0
15,15,113.25,0.25,113.25,0.25,906,2,79,1,n435-1,,,,,,0
15,15,113.5,0.25,113.5,0.25,908,2,76,1,n436-1,,,,,,0
15,15,113.75,0.25,113.75,0.25,910,2,74,1,n437-1,,,,,,0
15,15,114.0,0.5,114.0,0.5,912,4,73,1,n438-1,,,,,,0
15,15,114.25,0.25,114.25,0.25,914,2,66,5,n445-1,,,,,,0
15,15,114.5,0.25,114.5,0.25,916,2,67,5,n446-1,,,,,,0
15,15,114.75,0.25,114.75,0.25,918,2,69,5,n447-1,,,,,,0
15,15,115.0,0.0,115.0,0.0,920,0,72,5,n448-1,,,,,,0
15,15,115.0,0.25,115.0,0.25,920,2,70,5,n449-1,,,,,,0
15,15,115.25,0.125,115.25,0.125,922,1,69,5,n450-1,,,,,,0
15,15,115.375,0.125,115.375,0.125,923,1,67,5,n451-1,,,,,,0
15,15,115.5,0.25,115.5,0.25,924,2,65,5,n453-1,,,,,,0
15,15,115.5,0.0,115.5,0.0,924,0,67,5,n452-1,,,,,,0
15,15,115.75,0.125,115.75,0.125,926,1,64,5,n454-1,,,,,,0
15,15,115.875,0.125,115.875,0.125,927,1,62,5,n455-1,,,,,,0
16,16,116.0,0.5,116.0,0.5,928,4,61,5,n472-1,,,,,,0
16,16,116.25,0.25,116.25,0.25,930,2,78,1,n457-1,,,,,,0
16,16,116.5,0.25,116.5,0.25,932,2,79,1,n458-1,,,,,,0
16,16,116.75,0.25,116.75,0.25,934,2,81,1,n459-1,,,,,,0
16,16,117.0,0.0,117.0,0.0,936,0,84,1,n460-1,,,,,,0
16,16,117.0,0.25,117.0,0.25,936,2,82,1,n461-1,,,,,,0
16,16,117.25,0.125,117.25,0.125,938,1,81,1,n462-1,,,,,,0
16,16,117.375,0.125,117.375,0.125,939,1,79,1,n463-1,,,,,,0
16,16,117.5,0.0,117.5,0.0,940,0,81,1,n464-1,,,,,,0
16,16,117.5,0.25,117.5,0.25,940,2,79,1,n465-1,,,,,,0
16,16,117.75,0.125,117.75,0.125,942,1,77,1,n466-1,,,,,,0
16,16,117.875,0.125,117.875,0.125,943,1,76,1,n467-1,,,,,,0
16,16,118.0,0.5,118.0,0.5,944,4,74,1,n468-1,,,,,,0
16,16,118.0,0.25,118.0,0.25,944,2,65,5,n473-1,,,,,,0
16,16,118.0,1.0,118.0,1.0,944,8,62,6,n481-1,i{,2.0,4/4,,{,1
16,16,118.25,0.25,118.25,0.25,946,2,69,5,n474-1,,,,,,0
16,16,118.5,0.5,118.5,0.5,948,4,74,1,n469-1,,,,,,0
16,16,118.5,0.25,118.5,0.25,948,2,65,5,n475-1,,,,,,0
16,16,118.75,0.25,118.75,0.25,950,2,69,5,n476-1,,,,,,0
16,16,119.0,0.25,119.0,0.25,952,2,65,5,n477-1,,,,,,0
16,16,119.0,0.5,119.0,0.5,952,4,74,1,n470-1,,,,,,0
16,16,119.25,0.25,119.25,0.25,954,2,69,5,n478-1,,,,,,0
16,16,119.5,0.25,119.5,0.25,956,2,65,5,n479-1,,,,,,0
16,16,119.5,0.5,119.5,0.5,956,4,74,1,n471-1,,,,,,0
16,16,119.75,0.25,119.75,0.25,958,2,69,5,n480-1,,,,,,0
17,17,120.0,1.0,120.0,1.0,960,8,64,6,n506-1,V43,,,,,0
17,17,120.0,0.25,120.0,0.25,960,2,67,5,n490-1,,,,,,0
17,17,120.0,0.5,120.0,0.5,960,4,73,1,n482-1,,,,,,0
17,17,120.25,0.25,120.25,0.25,962,2,69,5,n491-1,,,,,,0
17,17,120.5,0.5,120.5,0.5,964,4,79,1,n483-1,,,,,,0
17,17,120.5,0.25,120.5,0.25,964,2,67,5,n492-1,,,,,,0
17,17,120.75,0.25,120.75,0.25,966,2,69,5,n493-1,,,,,,0
17,17,121.0,1.0,121.0,1.0,968,8,79,1,n484-1,,,,,,0
17,17,121.0,0.5,121.0,0.5,968,4,61,6,n507-1,V65,,,,,0
17,17,121.0,0.25,121.0,0.25,968,2,64,5,n494-1,,,,,,0
17,17,121.25,0.25,121.25,0.25,970,2,69,5,n495-1,,,,,,0
17,17,121.5,0.25,121.5,0.25,972,2,61,5,n496-1,,,,,,0
17,17,121.5,0.5,121.5,0.5,972,4,57,6,n508-1,V7,,,,,0
17,17,121.75,0.25,121.75,0.25,974,2,69,5,n497-1,,,,,,0
17,17,122.0,1.0,122.0,1.0,976,8,77,1,n485-1,,,,,,0
17,17,122.0,0.25,122.0,0.25,976,2,62,5,n498-1,i,,,,,0
17,17,122.25,0.25,122.25,0.25,978,2,69,5,n499-1,,,,,,0
17,17,122.5,0.25,122.5,0.25,980,2,65,5,n500-1,,,,,,0
17,17,122.75,0.25,122.75,0.25,982,2,69,5,n501-1,,,,,,0
17,17,123.0,0.0,123.0,0.0,984,0,81,1,n486-1,,,,,,0
17,17,123.0,0.5,123.0,0.5,984,4,79,1,n487-1,,,,,,0
17,17,123.0,0.25,123.0,0.25,984,2,61,5,n502-1,V65,,,,,0
17,17,123.25,0.25,123.25,0.25,986,2,69,5,n503-1,,,,,,0
17,17,123.5,0.25,123.5,0.25,988,2,60,5,n504-1,I.IV64,,,,,0
17,17,123.5,0.25,123.5,0.25,988,2,77,1,n488-1,,,,,,0
17,17,123.75,0.25,123.75,0.25,990,2,69,5,n505-1,,,,,,0
17,17,123.75,0.25,123.75,0.25,990,2,76,1,n489-1,,,,,,0
18,18,124.0,1.0,124.0,1.0,992,8,74,1,n509-1,,,,,,0
18,18,124.0,0.25,124.0,0.25,992,2,59,6,n528-1,V6(2),,,,,0
18,18,124.25,0.25,124.25,0.25,994,2,69,6,n529-1,,,,,,0
18,18,124.5,0.25,124.5,0.25,996,2,59,6,n530-1,V6(b2),,,,,0
18,18,124.75,0.25,124.75,0.25,998,2,68,6,n531-1,,,,,,0
18,18,125.0,0.5,125.0,0.5,1000,4,77,1,n511-1,,,,,,0
18,18,125.0,0.25,125.0,0.25,1000,2,59,6,n532-1,V65,,,,,0
18,18,125.0,0.0,125.0,0.0,1000,0,79,1,n510-1,,,,,,0
18,18,125.25,0.25,125.25,0.25,1002,2,67,6,n533-1,,,,,,0
18,18,125.5,0.25,125.5,0.25,1004,2,76,1,n512-1,,,,,,0
18,18,125.5,0.25,125.5,0.25,1004,2,59,6,n534-1,,,,,,0
18,18,125.75,0.25,125.75,0.25,1006,2,74,1,n513-1,,,,,,0
18,18,125.75,0.25,125.75,0.25,1006,2,65,6,n535-1,,,,,,0
18,18,126.0,1.0,126.0,1.0,1008,8,60,6,n536-1,I,,,,,0
18,18,126.0,0.25,126.0,0.25,1008,2,64,5,n520-1,,,,,,0
18,18,126.0,0.5,126.0,0.5,1008,4,72,1,n514-1,,,,,,0
18,18,126.25,0.25,126.25,0.25,1010,2,67,5,n521-1,,,,,,0
18,18,126.5,0.25,126.5,0.25,1012,2,64,5,n522-1,,,,,,0
18,18,126.5,0.5,126.5,0.5,1012,4,72,1,n515-1,,,,,,0
18,18,126.75,0.25,126.75,0.25,1014,2,67,5,n523-1,,,,,,0
18,18,127.0,0.25,127.0,0.25,1016,2,64,5,n524-1,,,,,,0
18,18,127.0,0.5,127.0,0.5,1016,4,72,1,n516-1,,,,,,0
18,18,127.25,0.25,127.25,0.25,1018,2,67,5,n525-1,,,,,,0
18,18,127.5,0.25,127.5,0.25,1020,2,64,5,n526-1,,,,,,0
18,18,127.5,0.5,127.5,0.5,1020,4,72,1,n517-1,,,,,,0
18,18,127.75,0.25,127.75,0.25,1022,2,67,5,n527-1,,,,,,0
19,19,128.0,1.0,128.0,1.0,1024,8,62,6,n558-1,V43,,,,,0
19,19,128.0,0.5,128.0,0.5,1024,4,71,1,n537-1,,,,,,0
19,19,128.0,0.25,128.0,0.25,1024,2,65,5,n549-1,,,,,,0
19,19,128.25,0.25,128.25,0.25,1026,2,67,5,n550-1,,,,,,0
19,19,128.5,0.25,128.5,0.25,1028,2,65,5,n551-1,,,,,,0
19,19,128.5,0.5,128.5,0.5,1028,4,77,1,n538-1,,,,,,0
19,19,128.75,0.25,128.75,0.25,1030,2,67,5,n552-1,,,,,,0
19,19,129.0,0.5,129.0,0.5,1032,4,77,1,n539-1,,,,,,0
19,19,129.0,0.5,129.0,0.5,1032,4,59,6,n559-1,#viio65/vi,,,,,0
19,19,129.0,0.5,129.0,0.5,1032,4,68,5,n553-1,,,,,,0
19,19,130.0,0.5,130.0,0.5,1040,4,57,5,n554-1,vi.i,,,,,0
19,19,130.25,0.25,130.25,0.25,1042,2,76,1,n542-1,,,,,,0
19,19,130.5,0.5,130.5,0.5,1044,4,57,5,n555-1,,,,,,0
19,19,130.5,0.25,130.5,0.25,1044,2,75,1,n543-1,,,,,,0
19,19,130.75,0.25,130.75,0.25,1046,2,76,1,n544-1,,,,,,0
19,19,131.0,0.25,131.0,0.25,1048,2,74,1,n545-1,,,,,,0
19,19,131.0,0.5,131.0,0.5,1048,4,57,5,n556-1,,,,,,0
19,19,131.25,0.25,131.25,0.25,1050,2,72,1,n546-1,,,,,,0
19,19,131.5,0.5,131.5,0.5,1052,4,57,5,n557-1,,,,,,0
19,19,131.5,0.25,131.5,0.25,1052,2,71,1,n547-1,,,,,,0
19,19,131.75,0.25,131.75,0.25,1054,2,69,1,n548-1,,,,,,0
20,20,132.0,0.5,132.0,0.5,1056,4,56,5,n571-1,#viio,,,,,0
20,20,132.25,0.25,132.25,0.25,1058,2,74,1,n561-1,,,,,,0
20,20,132.5,0.25,132.5,0.25,1060,2,73,1,n562-1,,,,,,0
20,20,132.5,0.5,132.5,0.5,1060,4,62,5,n572-1,,,,,,0
20,20,132.75,0.25,132.75,0.25,1062,2,74,1,n563-1,,,,,,0
20,20,133.0,1.0,133.0,1.0,1064,8,62,5,n573-1,,,,,,0
20,20,133.0,0.25,133.0,0.25,1064,2,72,1,n564-1,,,,,,0
20,20,133.25,0.25,133.25,0.25,1066,2,71,1,n565-1,,,,,,0
20,20,133.5,0.25,133.5,0.25,1068,2,69,1,n566-1,,,,,,0
20,20,133.75,0.25,133.75,0.25,1070,2,68,1,n567-1,,,,,,0
20,20,134.0,0.5,134.0,0.5,1072,4,69,1,n568-1,It6,,,,,0
20,20,134.25,0.25,134.25,0.25,1074,2,57,5,n576-1,,,,,,0
20,20,134.25,0.25,134.25,0.25,1074,2,53,5,n575-1,,,,,,0
20,20,134.5,0.5,134.5,0.5,1076,4,63,1,n569-1,,,,,,0
20,20,134.5,0.25,134.5,0.25,1076,2,56,5,n578-1,,,,,,0
20,20,134.5,0.25,134.5,0.25,1076,2,52,5,n577-1,,,,,,0
20,20,134.75,0.25,134.75,0.25,1078,2,53,5,n579-1,,,,,,0
20,20,134.75,0.25,134.75,0.25,1078,2,57,5,n580-1,,,,,,0
20,20,135.0,0.25,135.0,0.25,1080,2,52,5,n581-1,,,,,,0
20,20,135.0,0.25,135.0,0.25,1080,2,56,5,n582-1,,,,,,0
20,20,135.0,1.0,135.0,1.0,1080,8,63,1,n570-1,,,,,,0
20,20,135.25,0.25,135.25,0.25,1082,2,53,5,n583-1,,,,,,0
20,20,135.25,0.25,135.25,0.25,1082,2,57,5,n584-1,,,,,,0
20,20,135.5,0.25,135.5,0.25,1084,2,52,5,n585-1,,,,,,0
20,20,135.5,0.25,135.5,0.25,1084,2,56,5,n586-1,,,,,,0
20,20,135.75,0.25,135.75,0.25,1086,2,57,5,n588-1,,,,,,0
20,20,135.75,0.25,135.75,0.25,1086,2,53,5,n587-1,,,,,,0
21,21,136.0,0.5,136.0,0.5,1088,4,86,1,n589-1,V7,,,,,0
21,21,136.25,0.25,136.25,0.25,1090,2,68,5,n593-1,,,,,,0
21,21,136.25,0.25,136.25,0.25,1090,2,64,6,n601-1,,,,,,0
21,21,136.5,0.25,136.5,0.25,1092,2,69,5,n594-1,,,,,,0
21,21,136.5,0.25,136.5,0.25,1092,2,65,6,n602-1,,,,,,0
21,21,136.5,0.5,136.5,0.5,1092,4,74,1,n590-1,,,,,,0
21,21,136.75,0.25,136.75,0.25,1094,2,64,6,n603-1,,,,,,0
21,21,136.75,0.25,136.75,0.25,1094,2,68,5,n595-1,,,,,,0
21,21,137.0,0.25,137.0,0.25,1096,2,65,6,n604-1,,,,,,0
21,21,137.0,0.25,137.0,0.25,1096,2,69,5,n596-1,,,,,,0
21,21,137.0,1.0,137.0,1.0,1096,8,74,1,n591-1,,,,,,0
21,21,137.25,0.25,137.25,0.25,1098,2,64,6,n605-1,,,,,,0
21,21,137.25,0.25,137.25,0.25,1098,2,68,5,n597-1,,,,,,0
21,21,137.5,0.25,137.5,0.25,1100,2,65,6,n606-1,,,,,,0
21,21,137.5,0.25,137.5,0.25,1100,2,69,5,n598-1,,,,,,0
21,21,137.75,0.25,137.75,0.25,1102,2,64,6,n607-1,,,,,,0
21,21,137.75,0.25,137.75,0.25,1102,2,68,5,n599-1,,,,,,0
21,21,138.0,2.0,138.0,2.0,1104,16,72,1,n592-1,,,,,,0
21,21,138.0,2.0,138.0,2.0,1104,16,69,5,n600-1,,,,,,0
21,21,138.0,0.5,138.0,0.5,1104,4,63,6,n608-1,Ger7,,,,,0
21,21,138.5,0.5,138.5,0.5,1108,4,64,6,n609-1,,,,,,0
21,21,139.0,0.5,139.0,0.5,1112,4,65,6,n610-1,,,,,,0
21,21,139.5,0.5,139.5,0.5,1116,4,63,6,n611-1,,,,,,0
22,22,140.0,0.25,140.0,0.25,1120,2,71,1,n612-1,,,,,,0
22,22,140.0,0.5,140.0,0.5,1120,4,68,5,n634-1,,,,,,0
22,22,140.0,0.5,140.0,0.5,1120,4,64,6,n641-1,V|HC,,,,,0
22,22,140.25,0.25,140.25,0.25,1122,2,76,1,n613-1,,,,,,0
22,22,140.5,0.25,140.5,0.25,1124,2,75,1,n614-1,,,,,,0
22,22,140.75,0.25,140.75,0.25,1126,2,76,1,n615-1,,,,,,0
22,22,141.0,1.0,141.0,1.0,1128,8,65,5,n635-1,Ger6,,,,,0
22,22,141.0,1.0,141.0,1.0,1128,8,75,5,n636-1,,,,,,0
22,22,141.25,0.125,141.25,0.125,1130,1,81,1,n617-1,,,,,,0
22,22,141.375,0.125,141.375,0.125,1131,1,83,1,n618-1,,,,,,0
22,22,141.5,0.25,141.5,0.25,1132,2,84,1,n620-1,,,,,,0
22,22,141.5,0.0,141.5,0.0,1132,0,86,1,n619-1,,,,,,0
22,22,141.75,0.125,141.75,0.125,1134,1,83,1,n621-1,,,,,,0
22,22,141.875,0.125,141.875,0.125,1135,1,81,1,n622-1,,,,,,0
22,22,142.0,0.5,142.0,0.5,1136,4,64,5,n637-1,V,,,,,0
22,22,142.0,0.5,142.0,0.5,1136,4,76,5,n638-1,,,,,,0
22,22,142.0,0.25,142.0,0.25,1136,2,80,1,n623-1,,,,,,0
22,22,142.25,0.25,142.25,0.25,1138,2,76,1,n624-1,,,,,,0
22,22,142.5,0.25,142.5,0.25,1140,2,75,1,n625-1,,,,,,0
22,22,142.75,0.25,142.75,0.25,1142,2,76,1,n626-1,,,,,,0
22,22,143.0,1.0,143.0,1.0,1144,8,75,5,n640-1,,,,,,0
22,22,143.0,1.0,143.0,1.0,1144,8,65,5,n639-1,Ger6,,,,,0
22,22,143.25,0.125,143.25,0.125,1146,1,81,1,n628-1,,,,,,0
22,22,143.375,0.125,143.375,0.125,1147,1,83,1,n629-1,,,,,,0
22,22,143.5,0.0,143.5,0.0,1148,0,86,1,n630-1,,,,,,0
22,22,143.5,0.25,143.5,0.25,1148,2,84,1,n631-1,,,,,,0
22,22,143.75,0.125,143.75,0.125,1150,1,83,1,n632-1,,,,,,0
22,22,143.875,0.125,143.875,0.125,1151,1,81,1,n633-1,,,,,,0
23,23,144.0,0.5,144.0,0.5,1152,4,76,5,n654-1,,,,,,0
23,23,144.0,0.5,144.0,0.5,1152,4,80,1,n642-1,,,,,,0
23,23,144.0,0.5,144.0,0.5,1152,4,64,5,n653-1,V},4.0,4/4,,},3
23,23,144.5,1.0,144.5,1.0,1156,8,64,1,n643-1,,,,,,0
23,23,145.5,0.75,145.5,0.75,1164,6,64,1,n644-1,,,,,,0
23,23,146.25,0.25,146.25,0.25,1170,2,65,1,n646-1,,,,,,0
23,23,146.5,0.25,146.5,0.25,1172,2,66,1,n647-1,,,,,,0
23,23,146.75,0.25,146.75,0.25,1174,2,67,1,n648-1,,,,,,0
23,23,147.0,0.25,147.0,0.25,1176,2,68,1,n649-1,,,,,,0
23,23,147.25,0.25,147.25,0.25,1178,2,69,1,n650-1,,,,,,0
23,23,147.5,0.25,147.5,0.25,1180,2,70,1,n651-1,,,,,,0
23,23,147.75,0.25,147.75,0.25,1182,2,71,1,n652-1,,,,,,0
24,24,148.0,0.5,148.0,0.5,1184,4,72,1,n658-1,,,,,,0
24,24,148.0,0.25,148.0,0.25,1184,2,64,5,n665-1,,,,,,0
24,24,148.0,1.0,148.0,1.0,1184,8,60,6,n681-1,I.I{,2.0,4/4,,{,1
24,24,148.25,0.25,148.25,0.25,1186,2,67,5,n666-1,,,,,,0
24,24,148.5,0.25,148.5,0.25,1188,2,64,5,n667-1,,,,,,0
24,24,148.5,0.5,148.5,0.5,1188,4,72,1,n659-1,,,,,,0
24,24,148.75,0.25,148.75,0.25,1190,2,67,5,n668-1,,,,,,0
24,24,149.0,0.5,149.0,0.5,1192,4,72,1,n660-1,,,,,,0
24,24,149.0,0.25,149.0,0.25,1192,2,64,5,n669-1,,,,,,0
24,24,149.25,0.25,149.25,0.25,1194,2,67,5,n670-1,,,,,,0
24,24,149.5,0.5,149.5,0.5,1196,4,72,1,n661-1,,,,,,0
24,24,149.5,0.25,149.5,0.25,1196,2,64,5,n671-1,,,,,,0
24,24,149.75,0.25,149.75,0.25,1198,2,67,5,n672-1,,,,,,0
24,24,150.0,1.0,150.0,1.0,1200,8,62,6,n682-1,V43,,,,,0
24,24,150.0,0.25,150.0,0.25,1200,2,65,5,n673-1,,,,,,0
24,24,150.0,0.5,150.0,0.5,1200,4,71,1,n662-1,,,,,,0
24,24,150.25,0.25,150.25,0.25,1202,2,67,5,n674-1,,,,,,0
24,24,150.5,0.25,150.5,0.25,1204,2,65,5,n675-1,,,,,,0
24,24,150.5,0.5,150.5,0.5,1204,4,77,1,n663-1,,,,,,0
24,24,150.75,0.25,150.75,0.25,1206,2,67,5,n676-1,,,,,,0
24,24,151.0,1.0,151.0,1.0,1208,8,77,1,n664-1,,,,,,0
24,24,151.0,0.25,151.0,0.25,1208,2,62,5,n677-1,,,,,,0
24,24,151.0,0.5,151.0,0.5,1208,4,59,6,n683-1,V65,,,,,0
24,24,151.25,0.25,151.25,0.25,1210,2,67,5,n678-1,,,,,,0
24,24,151.5,0.25,151.5,0.25,1212,2,59,5,n679-1,,,,,,0
24,24,151.5,0.5,151.5,0.5,1212,4,55,6,n684-1,V7,,,,,0
24,24,151.75,0.25,151.75,0.25,1214,2,67,5,n680-1,,,,,,0
25,25,152.0,1.0,152.0,1.0,1216,8,76,1,n685-1,,,,,,0
25,25,152.0,0.25,152.0,0.25,1216,2,60,6,n711-1,I,,,,,0
25,25,152.25,0.25,152.25,0.25,1218,2,67,6,n712-1,,,,,,0
25,25,152.5,0.25,152.5,0.25,1220,2,59,6,n713-1,iii6,,,,,0
25,25,152.75,0.25,152.75,0.25,1222,2,67,6,n714-1,,,,,,0
25,25,153.0,0.25,153.0,0.25,1224,2,57,5,n699-1,IV6,,,,,0
25,25,153.0,0.5,153.0,0.5,1224,4,77,1,n687-1,,,,,,0
25,25,153.0,0.0,153.0,0.0,1224,0,79,1,n686-1,,,,,,0
25,25,153.25,0.25,153.25,0.25,1226,2,60,5,n700-1,,,,,,0
25,25,153.5,0.25,153.5,0.25,1228,2,53,5,n701-1,ii6,,,,,0
25,25,153.5,0.25,153.5,0.25,1228,2,76,1,n688-1,,,,,,0
25,25,153.75,0.25,153.75,0.25,1230,2,65,5,n702-1,,,,,,0
25,25,153.75,0.25,153.75,0.25,1230,2,74,1,n689-1,,,,,,0
25,25,154.0,1.5,154.0,1.5,1232,12,55,6,n715-1,V(64),,,,,0
25,25,154.0,0.25,154.0,0.25,1232,2,72,1,n690-1,,,,,,0
25,25,154.0,0.25,154.0,0.25,1232,2,64,5,n703-1,,,,,,0
25,25,154.25,0.25,154.25,0.25,1234,2,71,1,n691-1,,,,,,0
25,25,154.25,0.25,154.25,0.25,1234,2,62,5,n704-1,,,,,,0
25,25,154.5,0.25,154.5,0.25,1236,2,60,5,n705-1,,,,,,0
25,25,154.5,0.25,154.5,0.25,1236,2,69,1,n692-1,,,,,,0
25,25,154.75,0.25,154.75,0.25,1238,2,67,1,n693-1,,,,,,0
25,25,154.75,0.25,154.75,0.25,1238,2,59,5,n706-1,,,,,,0
25,25,155.0,0.25,155.0,0.25,1240,2,69,1,n694-1,,,,,,0
25,25,155.0,0.25,155.0,0.25,1240,2,60,5,n707-1,V,,,,,0
25,25,155.25,0.25,155.25,0.25,1242,2,67,1,n695-1,,,,,,0
25,25,155.25,0.25,155.25,0.25,1242,2,59,5,n708-1,,,,,,0
25,25,155.5,0.5,155.5,0.5,1244,4,53,6,n716-1,viio64,,,,,0
25,25,155.5,0.25,155.5,0.25,1244,2,60,5,n709-1,,,,,,0
25,25,155.5,0.25,155.5,0.25,1244,2,69,1,n696-1,,,,,,0
25,25,155.75,0.25,155.75,0.25,1246,2,71,1,n697-1,,,,,,0
25,25,155.75,0.25,155.75,0.25,1246,2,62,5,n710-1,,,,,,0
26,26,156.0,1.0,156.0,1.0,1248,8,52,6,n740-1,I6,,,,,0
26,26,156.0,0.25,156.0,0.25,1248,2,55,5,n724-1,,,,,,0
26,26,156.0,0.5,156.0,0.5,1248,4,72,1,n717-1,,,,,,0
26,26,156.25,0.25,156.25,0.25,1250,2,60,5,n725-1,,,,,,0
26,26,156.5,0.25,156.5,0.25,1252,2,55,5,n726-1,,,,,,0
26,26,156.5,0.5,156.5,0.5,1252,4,72,1,n718-1,,,,,,0
26,26,156.75,0.25,156.75,0.25,1254,2,60,5,n727-1,,,,,,0
26,26,157.0,0.5,157.0,0.5,1256,4,72,1,n719-1,,,,,,0
26,26,157.0,0.25,157.0,0.25,1256,2,53,5,n728-1,,,,,,0
26,26,157.0,0.5,157.0,0.5,1256,4,50,6,n741-1,,,,,,0
26,26,157.25,0.25,157.25,0.25,1258,2,60,5,n729-1,,,,,,0
26,26,157.5,0.5,157.5,0.5,1260,4,72,1,n720-1,,,,,,0
26,26,157.5,0.25,157.5,0.25,1260,2,52,5,n730-1,,,,,,0
26,26,157.5,0.5,157.5,0.5,1260,4,48,6,n742-1,I,,,,,0
26,26,157.75,0.25,157.75,0.25,1262,2,60,5,n731-1,,,,,,0
26,26,158.0,0.5,158.0,0.5,1264,4,71,1,n721-1,,,,,,0
26,26,158.0,0.25,158.0,0.25,1264,2,53,5,n732-1,,,,,,0
26,26,158.0,1.0,158.0,1.0,1264,8,50,6,n743-1,V43,,,,,0
26,26,158.25,0.25,158.25,0.25,1266,2,55,5,n733-1,,,,,,0
26,26,158.5,0.5,158.5,0.5,1268,4,77,1,n722-1,,,,,,0
26,26,158.5,0.25,158.5,0.25,1268,2,53,5,n734-1,,,,,,0
26,26,158.75,0.25,158.75,0.25,1270,2,55,5,n735-1,,,,,,0
26,26,159.0,0.25,159.0,0.25,1272,2,50,5,n736-1,,,,,,0
26,26,159.0,0.5,159.0,0.5,1272,4,47,6,n744-1,V65,,,,,0
26,26,159.0,1.0,159.0,1.0,1272,8,77,1,n723-1,,,,,,0
26,26,159.25,0.25,159.25,0.25,1274,2,55,5,n737-1,,,,,,0
26,26,159.5,0.25,159.5,0.25,1276,2,47,5,n738-1,,,,,,0
26,26,159.5,0.5,159.5,0.5,1276,4,43,6,n745-1,V7,,,,,0
26,26,159.75,0.25,159.75,0.25,1278,2,55,5,n739-1,,,,,,0
27,27,160.0,0.25,160.0,0.25,1280,2,48,6,n768-1,I,,,,,0
27,27,160.0,0.5,160.0,0.5,1280,4,76,1,n747-1,,,,,,0
27,27,160.0,0.0,160.0,0.0,1280,0,77,1,n746-1,,,,,,0
27,27,160.25,0.25,160.25,0.25,1282,2,55,6,n769-1,,,,,,0
27,27,160.5,0.5,160.5,0.5,1284,4,53,6,n770-1,ii6,,,,,0
27,27,160.5,0.25,160.5,0.25,1284,2,57,5,n757-1,,,,,,0
27,27,160.5,0.25,160.5,0.25,1284,2,77,1,n748-1,,,,,,0
27,27,160.75,0.25,160.75,0.25,1286,2,65,5,n758-1,,,,,,0
27,27,160.75,0.25,160.75,0.25,1286,2,74,1,n749-1,,,,,,0
27,27,161.0,0.5,161.0,0.5,1288,4,72,1,n750-1,,,,,,0
27,27,161.0,0.25,161.0,0.25,1288,2,55,5,n759-1,V(64),,,,,0
27,27,161.25,0.25,161.25,0.25,1290,2,64,5,n760-1,,,,,,0
27,27,161.5,0.5,161.5,0.5,1292,4,71,1,n751-1,,,,,,0
27,27,161.5,0.25,161.5,0.25,1292,2,53,5,n761-1,viio64,,,,,0
27,27,161.75,0.25,161.75,0.25,1294,2,62,5,n762-1,,,,,,0
27,27,162.0,0.5,162.0,0.5,1296,4,52,6,n771-1,I6,,,,,0
27,27,162.0,0.25,162.0,0.25,1296,2,55,5,n763-1,,,,,,0
27,27,162.0,0.5,162.0,0.5,1296,4,72,1,n752-1,,,,,,0
27,27,162.25,0.25,162.25,0.25,1298,2,60,5,n764-1,,,,,,0
27,27,162.5,0.25,162.5,0.25,1300,2,53,5,n765-1,,,,,,0
27,27,162.5,0.5,162.5,0.5,1300,4,82,1,n753-1,,,,,,0
27,27,162.5,0.5,162.5,0.5,1300,4,50,6,n772-1,V7/IV},1.5,4/4,,},3
27,27,162.75,0.25,162.75,0.25,1302,2,60,5,n766-1,,,,,,0
27,27,163.0,0.5,163.0,0.5,1304,4,52,5,n767-1,,,,,,0
27,27,163.0,0.5,163.0,0.5,1304,4,48,6,n773-1,,,,,,0
27,27,163.0,0.5,163.0,0.5,1304,4,82,1,n754-1,,,,,,0
28,28,164.0,0.25,164.0,0.25,1312,2,65,5,n783-1,IV{,1.0,4/4,,{,1
28,28,164.0,1.0,164.0,1.0,1312,8,81,1,n774-1,,,,,,0
28,28,164.25,0.25,164.25,0.25,1314,2,72,5,n784-1,,,,,,0
28,28,164.5,0.25,164.5,0.25,1316,2,69,5,n785-1,,,,,,0
28,28,164.75,0.25,164.75,0.25,1318,2,72,5,n786-1,,,,,,0
28,28,165.0,0.75,165.0,0.75,1320,6,84,1,n775-1,,,,,,0
28,28,165.0,0.25,165.0,0.25,1320,2,64,5,n787-1,V65/IV,,,,,0
28,28,165.25,0.25,165.25,0.25,1322,2,72,5,n788-1,,,,,,0
28,28,165.5,0.25,165.5,0.25,1324,2,67,5,n789-1,,,,,,0
28,28,165.75,0.25,165.75,0.25,1326,2,72,5,n790-1,,,,,,0
28,28,165.75,0.25,165.75,0.25,1326,2,82,1,n776-1,,,,,,0
28,28,166.0,0.5,166.0,0.5,1328,4,81,1,n777-1,,,,,,0
28,28,166.0,0.25,166.0,0.25,1328,2,65,5,n791-1,IV,,,,,0
28,28,166.25,0.25,166.25,0.25,1330,2,72,5,n792-1,,,,,,0
28,28,166.5,0.25,166.5,0.25,1332,2,67,5,n793-1,,,,,,0
28,28,166.75,0.25,166.75,0.25,1334,2,72,5,n794-1,,,,,,0
28,28,166.875,0.125,166.875,0.125,1335,1,79,1,n779-1,V64/IV,,,,,0
28,28,167.0,0.25,167.0,0.25,1336,2,69,5,n795-1,IV6,,,,,0
28,28,167.0,0.5,167.0,0.5,1336,4,77,1,n780-1,,,,,,0
28,28,167.25,0.25,167.25,0.25,1338,2,72,5,n796-1,,,,,,0
28,28,167.5,0.25,167.5,0.25,1340,2,65,5,n797-1,IV,,,,,0
28,28,167.75,0.25,167.75,0.25,1342,2,72,5,n798-1,,,,,,0
28,28,167.875,0.125,167.875,0.125,1343,1,81,1,n782-1,,,,,,0
29,29,168.0,0.25,168.0,0.25,1344,2,64,5,n809-1,I6,,,,,0
29,29,168.0,0.5,168.0,0.5,1344,4,79,1,n799-1,,,,,,0
29,29,168.25,0.25,168.25,0.25,1346,2,67,5,n810-1,,,,,,0
29,29,168.5,0.25,168.5,0.25,1348,2,62,5,n811-1,viio6,,,,,0
29,29,168.75,0.25,168.75,0.25,1350,2,65,5,n812-1,,,,,,0
29,29,168.875,0.125,168.875,0.125,1351,1,83,1,n801-1,,,,,,0
29,29,169.0,0.25,169.0,0.25,1352,2,64,5,n813-1,I6,,,,,0
29,29,169.0,0.5,169.0,0.5,1352,4,84,1,n802-1,,,,,,0
29,29,169.25,0.25,169.25,0.25,1354,2,67,5,n814-1,,,,,,0
29,29,169.5,0.25,169.5,0.25,1356,2,60,5,n815-1,I,,,,,0
29,29,169.75,0.25,169.75,0.25,1358,2,64,5,n816-1,,,,,,0
29,29,169.875,0.125,169.875,0.125,1359,1,88,1,n804-1,,,,,,0
29,29,170.0,0.5,170.0,0.5,1360,4,79,1,n805-1,,,,,,0
29,29,170.0,0.25,170.0,0.25,1360,2,62,5,n817-1,V64,,,,,0
29,29,170.25,0.25,170.25,0.25,1362,2,67,5,n818-1,,,,,,0
29,29,170.5,0.25,170.5,0.25,1364,2,59,5,n819-1,V65,,,,,0
29,29,170.5,0.5,170.5,0.5,1364,4,77,1,n806-1,,,,,,0
29,29,170.75,0.25,170.75,0.25,1366,2,67,5,n820-1,,,,,,0
29,29,171.0,0.5,171.0,0.5,1368,4,76,1,n807-1,,,,,,0
29,29,171.0,0.25,171.0,0.25,1368,2,60,5,n821-1,I},1.0,4/4,,},3
29,29,171.25,0.25,171.25,0.25,1370,2,59,5,n822-1,,,,,,0
29,29,171.5,0.25,171.5,0.25,1372,2,57,5,n823-1,,,,,,0
29,29,171.75,0.25,171.75,0.25,1374,2,55,5,n824-1,,,,,,0
30,30,172.0,1.0,172.0,1.0,1376,8,74,1,n825-1,,,,,,0
30,30,172.0,0.25,172.0,0.25,1376,2,53,5,n839-1,ii6{,2.0,4/4,,{,1
30,30,172.25,0.25,172.25,0.25,1378,2,57,5,n840-1,,,,,,0
30,30,172.5,0.25,172.5,0.25,1380,2,62,5,n841-1,,,,,,0
30,30,172.75,0.25,172.75,0.25,1382,2,65,5,n842-1,,,,,,0
30,30,173.0,0.25,173.0,0.25,1384,2,69,5,n843-1,,,,,,0
30,30,173.0,0.25,173.0,0.25,1384,2,77,1,n826-1,,,,,,0
30,30,173.25,0.25,173.25,0.25,1386,2,67,5,n844-1,,,,,,0
30,30,173.25,0.25,173.25,0.25,1386,2,76,1,n827-1,,,,,,0
30,30,173.5,0.25,173.5,0.25,1388,2,65,5,n845-1,,,,,,0
30,30,173.5,0.25,173.5,0.25,1388,2,74,1,n828-1,,,,,,0
30,30,173.75,0.25,173.75,0.25,1390,2,64,5,n846-1,,,,,,0
30,30,173.75,0.25,173.75,0.25,1390,2,72,1,n829-1,,,,,,0
30,30,174.0,0.25,174.0,0.25,1392,2,62,5,n847-1,viio6,,,,,0
30,30,174.0,0.25,174.0,0.25,1392,2,71,1,n830-1,,,,,,0
30,30,174.25,0.25,174.25,0.25,1394,2,64,5,n848-1,,,,,,0
30,30,174.25,0.25,174.25,0.25,1394,2,72,1,n831-1,,,,,,0
30,30,174.5,0.25,174.5,0.25,1396,2,74,1,n832-1,,,,,,0
30,30,174.5,0.25,174.5,0.25,1396,2,65,5,n849-1,,,,,,0
30,30,174.75,0.25,174.75,0.25,1398,2,76,1,n833-1,,,,,,0
30,30,174.75,0.25,174.75,0.25,1398,2,64,5,n850-1,,,,,,0
30,30,175.0,0.25,175.0,0.25,1400,2,62,5,n851-1,,,,,,0
30,30,175.0,0.25,175.0,0.25,1400,2,77,1,n834-1,,,,,,0
30,30,175.25,0.25,175.25,0.25,1402,2,64,5,n852-1,,,,,,0
30,30,175.25,0.25,175.25,0.25,1402,2,79,1,n835-1,,,,,,0
30,30,175.5,0.25,175.5,0.25,1404,2,65,5,n853-1,,,,,,0
30,30,175.5,0.25,175.5,0.25,1404,2,81,1,n836-1,,,,,,0
30,30,175.75,0.25,175.75,0.25,1406,2,83,1,n837-1,,,,,,0
30,30,175.75,0.25,175.75,0.25,1406,2,62,5,n854-1,,,,,,0
31,31,176.0,0.25,176.0,0.25,1408,2,64,5,n868-1,I6,,,,,0
31,31,176.0,0.25,176.0,0.25,1408,2,84,1,n855-1,,,,,,0
31,31,176.25,0.25,176.25,0.25,1410,2,59,5,n869-1,viio,,,,,0
31,31,176.25,0.25,176.25,0.25,1410,2,74,1,n856-1,,,,,,0
31,31,176.5,0.25,176.5,0.25,1412,2,60,5,n870-1,,,,,,0
31,31,176.5,0.25,176.5,0.25,1412,2,76,1,n857-1,,,,,,0
31,31,176.75,0.25,176.75,0.25,1414,2,62,5,n871-1,,,,,,0
31,31,176.75,0.25,176.75,0.25,1414,2,77,1,n858-1,,,,,,0
31,31,177.0,0.25,177.0,0.25,1416,2,64,5,n872-1,I6,,,,,0
31,31,177.0,0.25,177.0,0.25,1416,2,79,1,n859-1,,,,,,0
31,31,177.25,0.25,177.25,0.25,1418,2,76,1,n860-1,,,,,,0
31,31,177.25,0.25,177.25,0.25,1418,2,60,5,n873-1,,,,,,0
31,31,177.5,0.25,177.5,0.25,1420,2,81,1,n861-1,,,,,,0
31,31,177.5,0.25,177.5,0.25,1420,2,65,5,n874-1,ii6,,,,,0
31,31,177.75,0.25,177.75,0.25,1422,2,77,1,n862-1,,,,,,0
31,31,177.75,0.25,177.75,0.25,1422,2,62,5,n875-1,,,,,,0
31,31,178.0,1.0,178.0,1.0,1424,8,72,1,n863-1,,,,,,0
31,31,178.0,1.0,178.0,1.0,1424,8,76,1,n864-1,,,,,,0
31,31,178.0,0.25,178.0,0.25,1424,2,60,5,n876-1,I,,,,,0
31,31,178.25,0.25,178.25,0.25,1426,2,57,5,n877-1,,,,,,0
31,31,178.5,0.25,178.5,0.25,1428,2,55,5,n878-1,,,,,,0
31,31,178.75,0.25,178.75,0.25,1430,2,54,5,n879-1,vii%7/V,,,,,0
31,31,179.0,0.5,179.0,0.5,1432,4,74,1,n866-1,,,,,,0
31,31,179.0,0.25,179.0,0.25,1432,2,55,5,n880-1,V|HC},1.0,4/4,,},3
31,31,179.0,0.5,179.0,0.5,1432,4,71,1,n865-1,,,,,,0
31,31,179.25,0.25,179.25,0.25,1434,2,53,5,n881-1,,,,,,0
31,31,179.5,0.25,179.5,0.25,1436,2,52,5,n882-1,,,,,,0
31,31,179.75,0.25,179.75,0.25,1438,2,50,5,n883-1,,,,,,0
32,32,180.0,0.25,180.0,0.25,1440,2,48,5,n900-1,I{,2.0,4/4,,{,1
32,32,180.0,0.75,180.0,0.75,1440,6,67,1,n884-1,,,,,,0
32,32,180.25,0.25,180.25,0.25,1442,2,55,5,n901-1,,,,,,0
32,32,180.5,0.25,180.5,0.25,1444,2,52,5,n902-1,,,,,,0
32,32,180.75,0.125,180.75,0.125,1446,1,69,1,n885-1,,,,,,0
32,32,180.75,0.25,180.75,0.25,1446,2,55,5,n903-1,,,,,,0
32,32,180.875,0.125,180.875,0.125,1447,1,71,1,n886-1,,,,,,0
32,32,181.0,0.25,181.0,0.25,1448,2,48,5,n904-1,,,,,,0
32,32,181.0,0.25,181.0,0.25,1448,2,72,1,n887-1,,,,,,0
32,32,181.25,0.25,181.25,0.25,1450,2,55,5,n905-1,,,,,,0
32,32,181.25,0.25,181.25,0.25,1450,2,71,1,n888-1,,,,,,0
32,32,181.5,0.25,181.5,0.25,1452,2,52,5,n906-1,,,,,,0
32,32,181.5,0.25,181.5,0.25,1452,2,69,1,n889-1,,,,,,0
32,32,181.75,0.25,181.75,0.25,1454,2,55,5,n907-1,,,,,,0
32,32,181.75,0.25,181.75,0.25,1454,2,67,1,n890-1,,,,,,0
32,32,182.0,0.25,182.0,0.25,1456,2,67,1,n891-1,,,,,,0
32,32,182.0,0.25,182.0,0.25,1456,2,50,5,n908-1,V43,,,,,0
32,32,182.25,0.125,182.25,0.125,1458,1,65,1,n892-1,,,,,,0
32,32,182.25,0.25,182.25,0.25,1458,2,55,5,n909-1,,,,,,0
32,32,182.5,0.25,182.5,0.25,1460,2,53,5,n910-1,,,,,,0
32,32,182.5,0.25,182.5,0.25,1460,2,64,1,n894-1,,,,,,0
32,32,182.75,0.25,182.75,0.25,1462,2,55,5,n911-1,,,,,,0
32,32,182.75,0.125,182.75,0.125,1462,1,62,1,n895-1,,,,,,0
32,32,183.0,0.25,183.0,0.25,1464,2,50,5,n912-1,,,,,,0
32,32,183.0,0.5,183.0,0.5,1464,4,60,1,n897-1,,,,,,0
32,32,183.25,0.25,183.25,0.25,1466,2,55,5,n913-1,,,,,,0
32,32,183.5,0.25,183.5,0.25,1468,2,59,1,n898-1,,,,,,0
32,32,183.5,0.25,183.5,0.25,1468,2,53,5,n914-1,,,,,,0
32,32,183.75,0.25,183.75,0.25,1470,2,55,5,n915-1,,,,,,0
33,33,184.0,0.25,184.0,0.25,1472,2,60,5,n936-1,I,,,,,0
33,33,184.0,0.75,184.0,0.75,1472,6,79,1,n916-1,,,,,,0
33,33,184.25,0.25,184.25,0.25,1474,2,67,5,n937-1,,,,,,0
33,33,184.5,0.25,184.5,0.25,1476,2,64,5,n938-1,,,,,,0
33,33,184.75,0.125,184.75,0.125,1478,1,81,1,n917-1,,,,,,0
33,33,184.75,0.25,184.75,0.25,1478,2,67,5,n939-1,,,,,,0
33,33,184.875,0.125,184.875,0.125,1479,1,83,1,n918-1,,,,,,0
33,33,185.0,0.125,185.0,0.125,1480,1,84,1,n919-1,,,,,,0
33,33,185.0,0.25,185.0,0.25,1480,2,60,5,n940-1,,,,,,0
33,33,185.125,0.125,185.125,0.125,1481,1,86,1,n920-1,,,,,,0
33,33,185.25,0.25,185.25,0.25,1482,2,67,5,n941-1,,,,,,0
33,33,185.25,0.125,185.25,0.125,1482,1,88,1,n921-1,,,,,,0
33,33,185.375,0.125,185.375,0.125,1483,1,83,1,n922-1,,,,,,0
33,33,185.5,0.25,185.5,0.25,1484,2,64,5,n942-1,,,,,,0
33,33,185.5,0.125,185.5,0.125,1484,1,84,1,n923-1,,,,,,0
33,33,185.625,0.125,185.625,0.125,1485,1,79,1,n924-1,,,,,,0
33,33,185.75,0.25,185.75,0.25,1486,2,67,5,n943-1,,,,,,0
33,33,185.75,0.125,185.75,0.125,1486,1,81,1,n925-1,,,,,,0
33,33,185.875,0.125,185.875,0.125,1487,1,76,1,n926-1,,,,,,0
33,33,186.0,0.25,186.0,0.25,1488,2,79,1,n927-1,,,,,,0
33,33,186.0,0.25,186.0,0.25,1488,2,62,5,n944-1,V43,,,,,0
33,33,186.25,0.125,186.25,0.125,1490,1,79,1,n928-1,,,,,,0
33,33,186.25,0.25,186.25,0.25,1490,2,67,5,n945-1,,,,,,0
33,33,186.375,0.125,186.375,0.125,1491,1,77,1,n929-1,,,,,,0
33,33,186.5,0.25,186.5,0.25,1492,2,76,1,n930-1,,,,,,0
33,33,186.5,0.25,186.5,0.25,1492,2,65,5,n946-1,,,,,,0
33,33,186.75,0.125,186.75,0.125,1494,1,76,1,n931-1,,,,,,0
33,33,186.75,0.25,186.75,0.25,1494,2,67,5,n947-1,,,,,,0
33,33,186.875,0.125,186.875,0.125,1495,1,74,1,n932-1,,,,,,0
33,33,187.0,0.25,187.0,0.25,1496,2,62,5,n948-1,,,,,,0
33,33,187.0,0.5,187.0,0.5,1496,4,72,1,n933-1,,,,,,0
33,33,187.25,0.25,187.25,0.25,1498,2,67,5,n949-1,,,,,,0
33,33,187.5,0.25,187.5,0.25,1500,2,65,5,n950-1,,,,,,0
33,33,187.5,0.25,187.5,0.25,1500,2,71,1,n934-1,,,,,,0
33,33,187.75,0.25,187.75,0.25,1502,2,67,5,n951-1,,,,,,0
34,34,188.0,0.25,188.0,0.25,1504,2,64,5,n962-1,I6,,,,,0
34,34,188.0,0.25,188.0,0.25,1504,2,72,1,n952-1,,,,,,0
34,34,188.25,0.25,188.25,0.25,1506,2,72,5,n963-1,,,,,,0
34,34,188.25,0.25,188.25,0.25,1506,2,84,1,n953-1,,,,,,0
34,34,188.5,0.25,188.5,0.25,1508,2,67,5,n964-1,,,,,,0
34,34,188.5,1.0,188.5,1.0,1508,8,84,1,n954-1,,,,,,0
34,34,188.75,0.25,188.75,0.25,1510,2,72,5,n965-1,,,,,,0
34,34,189.0,0.25,189.0,0.25,1512,2,64,5,n966-1,,,,,,0
34,34,189.25,0.25,189.25,0.25,1514,2,72,5,n967-1,,,,,,0
34,34,189.5,0.25,189.5,0.25,1516,2,67,5,n968-1,V65/IV,,,,,0
34,34,189.5,0.5,189.5,0.5,1516,4,82,1,n955-1,,,,,,0
34,34,189.75,0.25,189.75,0.25,1518,2,72,5,n969-1,,,,,,0
34,34,190.0,0.25,190.0,0.25,1520,2,65,5,n970-1,IV(#2),,,,,0
34,34,190.0,0.5,190.0,0.5,1520,4,80,1,n956-1,,,,,,0
34,34,190.25,0.25,190.25,0.25,1522,2,72,5,n971-1,,,,,,0
34,34,190.5,0.5,190.5,0.5,1524,4,81,1,n957-1,,,,,,0
34,34,190.5,0.25,190.5,0.25,1524,2,69,5,n972-1,IV,,,,,0
34,34,190.75,0.25,190.75,0.25,1526,2,72,5,n973-1,,,,,,0
34,34,191.0,0.25,191.0,0.25,1528,2,65,5,n974-1,,,,,,0
34,34,191.0,0.0,191.0,0.0,1528,0,86,1,n958-1,,,,,,0
34,34,191.0,0.5,191.0,0.5,1528,4,84,1,n959-1,,,,,,0
34,34,191.25,0.25,191.25,0.25,1530,2,72,5,n975-1,,,,,,0
34,34,191.5,0.25,191.5,0.25,1532,2,83,1,n960-1,,,,,,0
34,34,191.5,0.25,191.5,0.25,1532,2,69,5,n976-1,,,,,,0
34,34,191.75,0.25,191.75,0.25,1534,2,81,1,n961-1,,,,,,0
34,34,191.75,0.25,191.75,0.25,1534,2,72,5,n977-1,,,,,,0
35,35,192.0,0.0,192.0,0.0,1536,0,81,1,n978-1,,,,,,0
35,35,192.0,0.5,192.0,0.5,1536,4,79,1,n979-1,,,,,,0
35,35,192.0,0.25,192.0,0.25,1536,2,64,5,n988-1,I6,,,,,0
35,35,192.25,0.25,192.25,0.25,1538,2,72,5,n989-1,,,,,,0
35,35,192.5,0.25,192.5,0.25,1540,2,81,1,n980-1,,,,,,0
35,35,192.5,0.25,192.5,0.25,1540,2,65,5,n990-1,ii6,,,,,0
35,35,192.75,0.25,192.75,0.25,1542,2,74,5,n991-1,,,,,,0
35,35,192.75,0.25,192.75,0.25,1542,2,77,1,n981-1,,,,,,0
35,35,193.0,0.5,193.0,0.5,1544,4,76,1,n982-1,,,,,,0
35,35,193.0,0.25,193.0,0.25,1544,2,67,5,n992-1,V(64),,,,,0
35,35,193.25,0.25,193.25,0.25,1546,2,72,5,n993-1,,,,,,0
35,35,193.5,0.5,193.5,0.5,1548,4,74,1,n983-1,,,,,,0
35,35,193.5,0.25,193.5,0.25,1548,2,65,5,n994-1,viio64,,,,,0
35,35,193.75,0.25,193.75,0.25,1550,2,71,5,n995-1,,,,,,0
35,35,194.0,0.25,194.0,0.25,1552,2,64,5,n996-1,I6,,,,,0
35,35,194.0,0.25,194.0,0.25,1552,2,72,1,n984-1,,,,,,0
35,35,194.25,0.25,194.25,0.25,1554,2,84,1,n985-1,,,,,,0
35,35,194.25,0.25,194.25,0.25,1554,2,72,5,n997-1,,,,,,0
35,35,194.5,1.0,194.5,1.0,1556,8,84,1,n986-1,,,,,,0
35,35,194.5,0.25,194.5,0.25,1556,2,67,5,n998-1,,,,,,0
35,35,194.75,0.25,194.75,0.25,1558,2,72,5,n999-1,,,,,,0
35,35,195.0,0.25,195.0,0.25,1560,2,64,5,n1000-1,,,,,,0
35,35,195.25,0.25,195.25,0.25,1562,2,72,5,n1001-1,,,,,,0
35,35,195.5,0.25,195.5,0.25,1564,2,67,5,n1002-1,V65/IV,,,,,0
35,35,195.5,0.5,195.5,0.5,1564,4,82,1,n987-1,,,,,,0
35,35,195.75,0.25,195.75,0.25,1566,2,72,5,n1003-1,,,,,,0
36,36,196.0,0.5,196.0,0.5,1568,4,80,1,n1004-1,,,,,,0
36,36,196.0,1.0,196.0,1.0,1568,8,72,5,n1028-1,,,,,,0
36,36,196.0,1.0,196.0,1.0,1568,8,65,5,n1027-1,IV(#2),,,,,0
36,36,196.5,0.5,196.5,0.5,1572,4,81,1,n1005-1,IV,,,,,0
36,36,197.5,0.0,197.5,0.0,1580,0,86,1,n1007-1,,,,,,0
36,36,197.5,0.25,197.5,0.25,1580,2,84,1,n1008-1,,,,,,0
36,36,197.75,0.125,197.75,0.125,1582,1,83,1,n1009-1,,,,,,0
36,36,197.875,0.125,197.875,0.125,1583,1,81,1,n1010-1,,,,,,0
36,36,198.0,0.125,198.0,0.125,1584,1,78,1,n1011-1,,,,,,0
36,36,198.0,0.5,198.0,0.5,1584,4,64,5,n1030-1,I6,,,,,0
36,36,198.0,0.5,198.0,0.5,1584,4,72,5,n1031-1,,,,,,0
36,36,198.125,0.125,198.125,0.125,1585,1,79,1,n1012-1,,,,,,0
36,36,198.25,0.125,198.25,0.125,1586,1,78,1,n1013-1,,,,,,0
36,36,198.375,0.125,198.375,0.125,1587,1,79,1,n1014-1,,,,,,0
36,36,198.5,0.0,198.5,0.0,1588,0,83,1,n1015-1,,,,,,0
36,36,198.5,0.25,198.5,0.25,1588,2,81,1,n1016-1,,,,,,0
36,36,198.5,0.5,198.5,0.5,1588,4,72,5,n1033-1,,,,,,0
36,36,198.5,0.5,198.5,0.5,1588,4,65,5,n1032-1,IV,,,,,0
36,36,198.75,0.125,198.75,0.125,1590,1,79,1,n1017-1,,,,,,0
36,36,198.875,0.125,198.875,0.125,1591,1,77,1,n1018-1,,,,,,0
36,36,199.0,0.5,199.0,0.5,1592,4,72,5,n1035-1,,,,,,0
36,36,199.0,0.125,199.0,0.125,1592,1,75,1,n1019-1,,,,,,0
36,36,199.0,0.5,199.0,0.5,1592,4,67,5,n1034-1,V(64),,,,,0
36,36,199.125,0.125,199.125,0.125,1593,1,76,1,n1020-1,,,,,,0
36,36,199.25,0.125,199.25,0.125,1594,1,75,1,n1021-1,,,,,,0
36,36,199.375,0.125,199.375,0.125,1595,1,76,1,n1022-1,,,,,,0
36,36,199.5,0.0,199.5,0.0,1596,0,79,1,n1023-1,,,,,,0
36,36,199.5,0.5,199.5,0.5,1596,4,71,5,n1037-1,,,,,,0
36,36,199.5,0.25,199.5,0.25,1596,2,77,1,n1024-1,,,,,,0
36,36,199.5,0.5,199.5,0.5,1596,4,67,5,n1036-1,V,,,,,0
36,36,199.75,0.125,199.75,0.125,1598,1,76,1,n1025-1,,,,,,0
36,36,199.875,0.125,199.875,0.125,1599,1,74,1,n1026-1,,,,,,0
37,37,200.0,0.5,200.0,0.5,1600,4,60,5,n1051-1,I|PAC},3.0,4/4,1.0,},3
37,37,200.0,0.5,200.0,0.5,1600,4,72,1,n1038-1,,,,,,0
37,37,200.5,0.125,200.5,0.125,1604,1,77,1,n1039-1,,,,,,0
37,37,200.625,0.125,200.625,0.125,1605,1,76,1,n1040-1,,,,,,0
37,37,200.75,0.125,200.75,0.125,1606,1,77,1,n1041-1,,,,,,0
37,37,200.875,0.125,200.875,0.125,1607,1,74,1,n1042-1,,,,,,0
37,37,201.0,0.5,201.0,0.5,1608,4,72,1,n1043-1,,,,,,0
37,37,201.5,0.125,201.5,0.125,1612,1,77,1,n1044-1,,,,,,0
37,37,201.625,0.125,201.625,0.125,1613,1,76,1,n1045-1,,,,,,0
37,37,201.75,0.125,201.75,0.125,1614,1,77,1,n1046-1,,,,,,0
37,37,201.875,0.125,201.875,0.125,1615,1,74,1,n1047-1,,,,,,0
37,37,202.0,0.5,202.0,0.5,1616,4,72,1,n1048-1,,,,,,0
37,37,202.25,0.25,202.25,0.25,1618,2,66,5,n1055-1,,,,,,0
37,37,202.5,0.25,202.5,0.25,1620,2,67,5,n1056-1,,,,,,0
37,37,202.75,0.25,202.75,0.25,1622,2,69,5,n1057-1,,,,,,0
37,37,203.0,0.25,203.0,0.25,1624,2,70,5,n1058-1,ii.#viio7,,,1.0,,0
37,37,203.25,0.25,203.25,0.25,1626,2,67,5,n1059-1,,,,,,0
37,37,203.5,0.25,203.5,0.25,1628,2,64,5,n1060-1,,,,,,0
37,37,203.75,0.25,203.75,0.25,1630,2,62,5,n1061-1,,,,,,0
15,15,204.0,0.5,204.0,0.5,1632,4,61,5,n441-2,,,,,,0
15,15,204.25,0.25,204.25,0.25,1634,2,78,1,n431-2,,,,,,0
15,15,204.5,0.25,204.5,0.25,1636,2,79,1,n432-2,,,,,,0
15,15,204.75,0.25,204.75,0.25,1638,2,81,1,n433-2,,,,,,0
15,15,205.0,0.25,205.0,0.25,1640,2,82,1,n434-2,,,,,,0
15,15,205.25,0.25,205.25,0.25,1642,2,79,1,n435-2,,,,,,0
15,15,205.5,0.25,205.5,0.25,1644,2,76,1,n436-2,,,,,,0
15,15,205.75,0.25,205.75,0.25,1646,2,74,1,n437-2,,,,,,0
15,15,206.0,0.5,206.0,0.5,1648,4,73,1,n438-2,,,,,,0
15,15,206.25,0.25,206.25,0.25,1650,2,66,5,n445-2,,,,,,0
15,15,206.5,0.25,206.5,0.25,1652,2,67,5,n446-2,,,,,,0
15,15,206.75,0.25,206.75,0.25,1654,2,69,5,n447-2,,,,,,0
15,15,207.0,0.0,207.0,0.0,1656,0,72,5,n448-2,,,,,,0
15,15,207.0,0.25,207.0,0.25,1656,2,70,5,n449-2,,,,,,0
15,15,207.25,0.125,207.25,0.125,1658,1,69,5,n450-2,,,,,,0
15,15,207.375,0.125,207.375,0.125,1659,1,67,5,n451-2,,,,,,0
15,15,207.5,0.25,207.5,0.25,1660,2,65,5,n453-2,,,,,,0
15,15,207.5,0.0,207.5,0.0,1660,0,67,5,n452-2,,,,,,0
15,15,207.75,0.125,207.75,0.125,1662,1,64,5,n454-2,,,,,,0
15,15,207.875,0.125,207.875,0.125,1663,1,62,5,n455-2,,,,,,0
16,16,208.0,0.5,208.0,0.5,1664,4,61,5,n472-2,,,,,,0
16,16,208.25,0.25,208.25,0.25,1666,2,78,1,n457-2,,,,,,0
16,16,208.5,0.25,208.5,0.25,1668,2,79,1,n458-2,,,,,,0
16,16,208.75,0.25,208.75,0.25,1670,2,81,1,n459-2,,,,,,0
16,16,209.0,0.25,209.0,0.25,1672,2,82,1,n461-2,,,,,,0
16,16,209.0,0.0,209.0,0.0,1672,0,84,1,n460-2,,,,,,0
16,16,209.25,0.125,209.25,0.125,1674,1,81,1,n462-2,,,,,,0
16,16,209.375,0.125,209.375,0.125,1675,1,79,1,n463-2,,,,,,0
16,16,209.5,0.25,209.5,0.25,1676,2,79,1,n465-2,,,,,,0
16,16,209.5,0.0,209.5,0.0,1676,0,81,1,n464-2,,,,,,0
16,16,209.75,0.125,209.75,0.125,1678,1,77,1,n466-2,,,,,,0
16,16,209.875,0.125,209.875,0.125,1679,1,76,1,n467-2,,,,,,0
16,16,210.0,1.0,210.0,1.0,1680,8,62,6,n481-2,i{,2.0,4/4,,{,1
16,16,210.0,0.25,210.0,0.25,1680,2,65,5,n473-2,,,,,,0
16,16,210.0,0.5,210.0,0.5,1680,4,74,1,n468-2,,,,,,0
16,16,210.25,0.25,210.25,0.25,1682,2,69,5,n474-2,,,,,,0
16,16,210.5,0.25,210.5,0.25,1684,2,65,5,n475-2,,,,,,0
16,16,210.5,0.5,210.5,0.5,1684,4,74,1,n469-2,,,,,,0
16,16,210.75,0.25,210.75,0.25,1686,2,69,5,n476-2,,,,,,0
16,16,211.0,0.25,211.0,0.25,1688,2,65,5,n477-2,,,,,,0
16,16,211.0,0.5,211.0,0.5,1688,4,74,1,n470-2,,,,,,0
16,16,211.25,0.25,211.25,0.25,1690,2,69,5,n478-2,,,,,,0
16,16,211.5,0.25,211.5,0.25,1692,2,65,5,n479-2,,,,,,0
16,16,211.5,0.5,211.5,0.5,1692,4,74,1,n471-2,,,,,,0
16,16,211.75,0.25,211.75,0.25,1694,2,69,5,n480-2,,,,,,0
17,17,212.0,0.5,212.0,0.5,1696,4,73,1,n482-2,,,,,,0
17,17,212.0,0.25,212.0,0.25,1696,2,67,5,n490-2,,,,,,0
17,17,212.0,1.0,212.0,1.0,1696,8,64,6,n506-2,V43,,,,,0
17,17,212.25,0.25,212.25,0.25,1698,2,69,5,n491-2,,,,,,0
17,17,212.5,0.5,212.5,0.5,1700,4,79,1,n483-2,,,,,,0
17,17,212.5,0.25,212.5,0.25,1700,2,67,5,n492-2,,,,,,0
17,17,212.75,0.25,212.75,0.25,1702,2,69,5,n493-2,,,,,,0
17,17,213.0,1.0,213.0,1.0,1704,8,79,1,n484-2,,,,,,0
17,17,213.0,0.5,213.0,0.5,1704,4,61,6,n507-2,V65,,,,,0
17,17,213.0,0.25,213.0,0.25,1704,2,64,5,n494-2,,,,,,0
17,17,213.25,0.25,213.25,0.25,1706,2,69,5,n495-2,,,,,,0
17,17,213.5,0.25,213.5,0.25,1708,2,61,5,n496-2,,,,,,0
17,17,213.5,0.5,213.5,0.5,1708,4,57,6,n508-2,V7,,,,,0
17,17,213.75,0.25,213.75,0.25,1710,2,69,5,n497-2,,,,,,0
17,17,214.0,1.0,214.0,1.0,1712,8,77,1,n485-2,,,,,,0
17,17,214.0,0.25,214.0,0.25,1712,2,62,5,n498-2,i,,,,,0
17,17,214.25,0.25,214.25,0.25,1714,2,69,5,n499-2,,,,,,0
17,17,214.5,0.25,214.5,0.25,1716,2,65,5,n500-2,,,,,,0
17,17,214.75,0.25,214.75,0.25,1718,2,69,5,n501-2,,,,,,0
17,17,215.0,0.25,215.0,0.25,1720,2,61,5,n502-2,V65,,,,,0
17,17,215.0,0.5,215.0,0.5,1720,4,79,1,n487-2,,,,,,0
17,17,215.0,0.0,215.0,0.0,1720,0,81,1,n486-2,,,,,,0
17,17,215.25,0.25,215.25,0.25,1722,2,69,5,n503-2,,,,,,0
17,17,215.5,0.25,215.5,0.25,1724,2,77,1,n488-2,,,,,,0
17,17,215.5,0.25,215.5,0.25,1724,2,60,5,n504-2,I.IV64,,,,,0
17,17,215.75,0.25,215.75,0.25,1726,2,76,1,n489-2,,,,,,0
17,17,215.75,0.25,215.75,0.25,1726,2,69,5,n505-2,,,,,,0
18,18,216.0,1.0,216.0,1.0,1728,8,74,1,n509-2,,,,,,0
18,18,216.0,0.25,216.0,0.25,1728,2,59,6,n528-2,V6(2),,,,,0
18,18,216.25,0.25,216.25,0.25,1730,2,69,6,n529-2,,,,,,0
18,18,216.5,0.25,216.5,0.25,1732,2,59,6,n530-2,V6(b2),,,,,0
18,18,216.75,0.25,216.75,0.25,1734,2,68,6,n531-2,,,,,,0
18,18,217.0,0.5,217.0,0.5,1736,4,77,1,n511-2,,,,,,0
18,18,217.0,0.25,217.0,0.25,1736,2,59,6,n532-2,V65,,,,,0
18,18,217.0,0.0,217.0,0.0,1736,0,79,1,n510-2,,,,,,0
18,18,217.25,0.25,217.25,0.25,1738,2,67,6,n533-2,,,,,,0
18,18,217.5,0.25,217.5,0.25,1740,2,76,1,n512-2,,,,,,0
18,18,217.5,0.25,217.5,0.25,1740,2,59,6,n534-2,,,,,,0
18,18,217.75,0.25,217.75,0.25,1742,2,65,6,n535-2,,,,,,0
18,18,217.75,0.25,217.75,0.25,1742,2,74,1,n513-2,,,,,,0
18,18,218.0,1.0,218.0,1.0,1744,8,60,6,n536-2,I,,,,,0
18,18,218.0,0.25,218.0,0.25,1744,2,64,5,n520-2,,,,,,0
18,18,218.0,0.5,218.0,0.5,1744,4,72,1,n514-2,,,,,,0
18,18,218.25,0.25,218.25,0.25,1746,2,67,5,n521-2,,,,,,0
18,18,218.5,0.25,218.5,0.25,1748,2,64,5,n522-2,,,,,,0
18,18,218.5,0.5,218.5,0.5,1748,4,72,1,n515-2,,,,,,0
18,18,218.75,0.25,218.75,0.25,1750,2,67,5,n523-2,,,,,,0
18,18,219.0,0.25,219.0,0.25,1752,2,64,5,n524-2,,,,,,0
18,18,219.0,0.5,219.0,0.5,1752,4,72,1,n516-2,,,,,,0
18,18,219.25,0.25,219.25,0.25,1754,2,67,5,n525-2,,,,,,0
18,18,219.5,0.25,219.5,0.25,1756,2,64,5,n526-2,,,,,,0
18,18,219.5,0.5,219.5,0.5,1756,4,72,1,n517-2,,,,,,0
18,18,219.75,0.25,219.75,0.25,1758,2,67,5,n527-2,,,,,,0
19,19,220.0,1.0,220.0,1.0,1760,8,62,6,n558-2,V43,,,,,0
19,19,220.0,0.25,220.0,0.25,1760,2,65,5,n549-2,,,,,,0
19,19,220.0,0.5,220.0,0.5,1760,4,71,1,n537-2,,,,,,0
19,19,220.25,0.25,220.25,0.25,1762,2,67,5,n550-2,,,,,,0
19,19,220.5,0.25,220.5,0.25,1764,2,65,5,n551-2,,,,,,0
19,19,220.5,0.5,220.5,0.5,1764,4,77,1,n538-2,,,,,,0
19,19,220.75,0.25,220.75,0.25,1766,2,67,5,n552-2,,,,,,0
19,19,221.0,0.5,221.0,0.5,1768,4,59,6,n559-2,#viio65/vi,,,,,0
19,19,221.0,0.5,221.0,0.5,1768,4,68,5,n553-2,,,,,,0
19,19,221.0,0.5,221.0,0.5,1768,4,77,1,n539-2,,,,,,0
19,19,222.0,0.5,222.0,0.5,1776,4,57,5,n554-2,vi.i,,,,,0
19,19,222.25,0.25,222.25,0.25,1778,2,76,1,n542-2,,,,,,0
19,19,222.5,0.5,222.5,0.5,1780,4,57,5,n555-2,,,,,,0
19,19,222.5,0.25,222.5,0.25,1780,2,75,1,n543-2,,,,,,0
19,19,222.75,0.25,222.75,0.25,1782,2,76,1,n544-2,,,,,,0
19,19,223.0,0.25,223.0,0.25,1784,2,74,1,n545-2,,,,,,0
19,19,223.0,0.5,223.0,0.5,1784,4,57,5,n556-2,,,,,,0
19,19,223.25,0.25,223.25,0.25,1786,2,72,1,n546-2,,,,,,0
19,19,223.5,0.5,223.5,0.5,1788,4,57,5,n557-2,,,,,,0
19,19,223.5,0.25,223.5,0.25,1788,2,71,1,n547-2,,,,,,0
19,19,223.75,0.25,223.75,0.25,1790,2,69,1,n548-2,,,,,,0
20,20,224.0,0.5,224.0,0.5,1792,4,56,5,n571-2,#viio,,,,,0
20,20,224.25,0.25,224.25,0.25,1794,2,74,1,n561-2,,,,,,0
20,20,224.5,0.5,224.5,0.5,1796,4,62,5,n572-2,,,,,,0
20,20,224.5,0.25,224.5,0.25,1796,2,73,1,n562-2,,,,,,0
20,20,224.75,0.25,224.75,0.25,1798,2,74,1,n563-2,,,,,,0
20,20,225.0,1.0,225.0,1.0,1800,8,62,5,n573-2,,,,,,0
20,20,225.0,0.25,225.0,0.25,1800,2,72,1,n564-2,,,,,,0
20,20,225.25,0.25,225.25,0.25,1802,2,71,1,n565-2,,,,,,0
20,20,225.5,0.25,225.5,0.25,1804,2,69,1,n566-2,,,,,,0
20,20,225.75,0.25,225.75,0.25,1806,2,68,1,n567-2,,,,,,0
20,20,226.0,0.5,226.0,0.5,1808,4,69,1,n568-2,It6,,,,,0
20,20,226.25,0.25,226.25,0.25,1810,2,53,5,n575-2,,,,,,0
20,20,226.25,0.25,226.25,0.25,1810,2,57,5,n576-2,,,,,,0
20,20,226.5,0.25,226.5,0.25,1812,2,52,5,n577-2,,,,,,0
20,20,226.5,0.25,226.5,0.25,1812,2,56,5,n578-2,,,,,,0
20,20,226.5,0.5,226.5,0.5,1812,4,63,1,n569-2,,,,,,0
20,20,226.75,0.25,226.75,0.25,1814,2,53,5,n579-2,,,,,,0
20,20,226.75,0.25,226.75,0.25,1814,2,57,5,n580-2,,,,,,0
20,20,227.0,0.25,227.0,0.25,1816,2,52,5,n581-2,,,,,,0
20,20,227.0,0.25,227.0,0.25,1816,2,56,5,n582-2,,,,,,0
20,20,227.0,1.0,227.0,1.0,1816,8,63,1,n570-2,,,,,,0
20,20,227.25,0.25,227.25,0.25,1818,2,53,5,n583-2,,,,,,0
20,20,227.25,0.25,227.25,0.25,1818,2,57,5,n584-2,,,,,,0
20,20,227.5,0.25,227.5,0.25,1820,2,56,5,n586-2,,,,,,0
20,20,227.5,0.25,227.5,0.25,1820,2,52,5,n585-2,,,,,,0
20,20,227.75,0.25,227.75,0.25,1822,2,57,5,n588-2,,,,,,0
20,20,227.75,0.25,227.75,0.25,1822,2,53,5,n587-2,,,,,,0
21,21,228.0,0.5,228.0,0.5,1824,4,86,1,n589-2,V7,,,,,0
21,21,228.25,0.25,228.25,0.25,1826,2,68,5,n593-2,,,,,,0
21,21,228.25,0.25,228.25,0.25,1826,2,64,6,n601-2,,,,,,0
21,21,228.5,0.25,228.5,0.25,1828,2,65,6,n602-2,,,,,,0
21,21,228.5,0.25,228.5,0.25,1828,2,69,5,n594-2,,,,,,0
21,21,228.5,0.5,228.5,0.5,1828,4,74,1,n590-2,,,,,,0
21,21,228.75,0.25,228.75,0.25,1830,2,64,6,n603-2,,,,,,0
21,21,228.75,0.25,228.75,0.25,1830,2,68,5,n595-2,,,,,,0
21,21,229.0,1.0,229.0,1.0,1832,8,74,1,n591-2,,,,,,0
21,21,229.0,0.25,229.0,0.25,1832,2,69,5,n596-2,,,,,,0
21,21,229.0,0.25,229.0,0.25,1832,2,65,6,n604-2,,,,,,0
21,21,229.25,0.25,229.25,0.25,1834,2,64,6,n605-2,,,,,,0
21,21,229.25,0.25,229.25,0.25,1834,2,68,5,n597-2,,,,,,0
21,21,229.5,0.25,229.5,0.25,1836,2,69,5,n598-2,,,,,,0
21,21,229.5,0.25,229.5,0.25,1836,2,65,6,n606-2,,,,,,0
21,21,229.75,0.25,229.75,0.25,1838,2,64,6,n607-2,,,,,,0
21,21,229.75,0.25,229.75,0.25,1838,2,68,5,n599-2,,,,,,0
21,21,230.0,2.0,230.0,2.0,1840,16,69,5,n600-2,,,,,,0
21,21,230.0,2.0,230.0,2.0,1840,16,72,1,n592-2,,,,,,0
21,21,230.0,0.5,230.0,0.5,1840,4,63,6,n608-2,Ger7,,,,,0
21,21,230.5,0.5,230.5,0.5,1844,4,64,6,n609-2,,,,,,0
21,21,231.0,0.5,231.0,0.5,1848,4,65,6,n610-2,,,,,,0
21,21,231.5,0.5,231.5,0.5,1852,4,63,6,n611-2,,,,,,0
22,22,232.0,0.5,232.0,0.5,1856,4,68,5,n634-2,,,,,,0
22,22,232.0,0.5,232.0,0.5,1856,4,64,6,n641-2,V|HC,,,,,0
22,22,232.0,0.25,232.0,0.25,1856,2,71,1,n612-2,,,,,,0
22,22,232.25,0.25,232.25,0.25,1858,2,76,1,n613-2,,,,,,0
22,22,232.5,0.25,232.5,0.25,1860,2,75,1,n614-2,,,,,,0
22,22,232.75,0.25,232.75,0.25,1862,2,76,1,n615-2,,,,,,0
22,22,233.0,1.0,233.0,1.0,1864,8,65,5,n635-2,Ger6,,,,,0
22,22,233.0,1.0,233.0,1.0,1864,8,75,5,n636-2,,,,,,0
22,22,233.25,0.125,233.25,0.125,1866,1,81,1,n617-2,,,,,,0
22,22,233.375,0.125,233.375,0.125,1867,1,83,1,n618-2,,,,,,0
22,22,233.5,0.25,233.5,0.25,1868,2,84,1,n620-2,,,,,,0
22,22,233.5,0.0,233.5,0.0,1868,0,86,1,n619-2,,,,,,0
22,22,233.75,0.125,233.75,0.125,1870,1,83,1,n621-2,,,,,,0
22,22,233.875,0.125,233.875,0.125,1871,1,81,1,n622-2,,,,,,0
22,22,234.0,0.5,234.0,0.5,1872,4,64,5,n637-2,V,,,,,0
22,22,234.0,0.25,234.0,0.25,1872,2,80,1,n623-2,,,,,,0
22,22,234.0,0.5,234.0,0.5,1872,4,76,5,n638-2,,,,,,0
22,22,234.25,0.25,234.25,0.25,1874,2,76,1,n624-2,,,,,,0
22,22,234.5,0.25,234.5,0.25,1876,2,75,1,n625-2,,,,,,0
22,22,234.75,0.25,234.75,0.25,1878,2,76,1,n626-2,,,,,,0
22,22,235.0,1.0,235.0,1.0,1880,8,75,5,n640-2,,,,,,0
22,22,235.0,1.0,235.0,1.0,1880,8,65,5,n639-2,Ger6,,,,,0
22,22,235.25,0.125,235.25,0.125,1882,1,81,1,n628-2,,,,,,0
22,22,235.375,0.125,235.375,0.125,1883,1,83,1,n629-2,,,,,,0
22,22,235.5,0.0,235.5,0.0,1884,0,86,1,n630-2,,,,,,0
22,22,235.5,0.25,235.5,0.25,1884,2,84,1,n631-2,,,,,,0
22,22,235.75,0.125,235.75,0.125,1886,1,83,1,n632-2,,,,,,0
22,22,235.875,0.125,235.875,0.125,1887,1,81,1,n633-2,,,,,,0
23,23,236.0,0.5,236.0,0.5,1888,4,76,5,n654-2,,,,,,0
23,23,236.0,0.5,236.0,0.5,1888,4,64,5,n653-2,V},4.0,4/4,,},3
23,23,236.0,0.5,236.0,0.5,1888,4,80,1,n642-2,,,,,,0
23,23,236.5,1.0,236.5,1.0,1892,8,64,1,n643-2,,,,,,0
23,23,237.5,0.75,237.5,0.75,1900,6,64,1,n644-2,,,,,,0
23,23,238.25,0.25,238.25,0.25,1906,2,65,1,n646-2,,,,,,0
23,23,238.5,0.25,238.5,0.25,1908,2,66,1,n647-2,,,,,,0
23,23,238.75,0.25,238.75,0.25,1910,2,67,1,n648-2,,,,,,0
23,23,239.0,0.25,239.0,0.25,1912,2,68,1,n649-2,,,,,,0
23,23,239.25,0.25,239.25,0.25,1914,2,69,1,n650-2,,,,,,0
23,23,239.5,0.25,239.5,0.25,1916,2,70,1,n651-2,,,,,,0
23,23,239.75,0.25,239.75,0.25,1918,2,71,1,n652-2,,,,,,0
24,24,240.0,1.0,240.0,1.0,1920,8,60,6,n681-2,I.I{,2.0,4/4,,{,1
24,24,240.0,0.25,240.0,0.25,1920,2,64,5,n665-2,,,,,,0
24,24,240.0,0.5,240.0,0.5,1920,4,72,1,n658-2,,,,,,0
24,24,240.25,0.25,240.25,0.25,1922,2,67,5,n666-2,,,,,,0
24,24,240.5,0.25,240.5,0.25,1924,2,64,5,n667-2,,,,,,0
24,24,240.5,0.5,240.5,0.5,1924,4,72,1,n659-2,,,,,,0
24,24,240.75,0.25,240.75,0.25,1926,2,67,5,n668-2,,,,,,0
24,24,241.0,0.25,241.0,0.25,1928,2,64,5,n669-2,,,,,,0
24,24,241.0,0.5,241.0,0.5,1928,4,72,1,n660-2,,,,,,0
24,24,241.25,0.25,241.25,0.25,1930,2,67,5,n670-2,,,,,,0
24,24,241.5,0.25,241.5,0.25,1932,2,64,5,n671-2,,,,,,0
24,24,241.5,0.5,241.5,0.5,1932,4,72,1,n661-2,,,,,,0
24,24,241.75,0.25,241.75,0.25,1934,2,67,5,n672-2,,,,,,0
24,24,242.0,1.0,242.0,1.0,1936,8,62,6,n682-2,V43,,,,,0
24,24,242.0,0.25,242.0,0.25,1936,2,65,5,n673-2,,,,,,0
24,24,242.0,0.5,242.0,0.5,1936,4,71,1,n662-2,,,,,,0
24,24,242.25,0.25,242.25,0.25,1938,2,67,5,n674-2,,,,,,0
24,24,242.5,0.25,242.5,0.25,1940,2,65,5,n675-2,,,,,,0
24,24,242.5,0.5,242.5,0.5,1940,4,77,1,n663-2,,,,,,0
24,24,242.75,0.25,242.75,0.25,1942,2,67,5,n676-2,,,,,,0
24,24,243.0,0.5,243.0,0.5,1944,4,59,6,n683-2,V65,,,,,0
24,24,243.0,0.25,243.0,0.25,1944,2,62,5,n677-2,,,,,,0
24,24,243.0,1.0,243.0,1.0,1944,8,77,1,n664-2,,,,,,0
24,24,243.25,0.25,243.25,0.25,1946,2,67,5,n678-2,,,,,,0
24,24,243.5,0.5,243.5,0.5,1948,4,55,6,n684-2,V7,,,,,0
24,24,243.5,0.25,243.5,0.25,1948,2,59,5,n679-2,,,,,,0
24,24,243.75,0.25,243.75,0.25,1950,2,67,5,n680-2,,,,,,0
25,25,244.0,0.25,244.0,0.25,1952,2,60,6,n711-2,I,,,,,0
25,25,244.0,1.0,244.0,1.0,1952,8,76,1,n685-2,,,,,,0
25,25,244.25,0.25,244.25,0.25,1954,2,67,6,n712-2,,,,,,0
25,25,244.5,0.25,244.5,0.25,1956,2,59,6,n713-2,iii6,,,,,0
25,25,244.75,0.25,244.75,0.25,1958,2,67,6,n714-2,,,,,,0
25,25,245.0,0.25,245.0,0.25,1960,2,57,5,n699-2,IV6,,,,,0
25,25,245.0,0.5,245.0,0.5,1960,4,77,1,n687-2,,,,,,0
25,25,245.0,0.0,245.0,0.0,1960,0,79,1,n686-2,,,,,,0
25,25,245.25,0.25,245.25,0.25,1962,2,60,5,n700-2,,,,,,0
25,25,245.5,0.25,245.5,0.25,1964,2,53,5,n701-2,ii6,,,,,0
25,25,245.5,0.25,245.5,0.25,1964,2,76,1,n688-2,,,,,,0
25,25,245.75,0.25,245.75,0.25,1966,2,65,5,n702-2,,,,,,0
25,25,245.75,0.25,245.75,0.25,1966,2,74,1,n689-2,,,,,,0
25,25,246.0,1.5,246.0,1.5,1968,12,55,6,n715-2,V(64),,,,,0
25,25,246.0,0.25,246.0,0.25,1968,2,64,5,n703-2,,,,,,0
25,25,246.0,0.25,246.0,0.25,1968,2,72,1,n690-2,,,,,,0
25,25,246.25,0.25,246.25,0.25,1970,2,71,1,n691-2,,,,,,0
25,25,246.25,0.25,246.25,0.25,1970,2,62,5,n704-2,,,,,,0
25,25,246.5,0.25,246.5,0.25,1972,2,60,5,n705-2,,,,,,0
25,25,246.5,0.25,246.5,0.25,1972,2,69,1,n692-2,,,,,,0
25,25,246.75,0.25,246.75,0.25,1974,2,59,5,n706-2,,,,,,0
25,25,246.75,0.25,246.75,0.25,1974,2,67,1,n693-2,,,,,,0
25,25,247.0,0.25,247.0,0.25,1976,2,60,5,n707-2,V,,,,,0
25,25,247.0,0.25,247.0,0.25,1976,2,69,1,n694-2,,,,,,0
25,25,247.25,0.25,247.25,0.25,1978,2,59,5,n708-2,,,,,,0
25,25,247.25,0.25,247.25,0.25,1978,2,67,1,n695-2,,,,,,0
25,25,247.5,0.5,247.5,0.5,1980,4,53,6,n716-2,viio64,,,,,0
25,25,247.5,0.25,247.5,0.25,1980,2,60,5,n709-2,,,,,,0
25,25,247.5,0.25,247.5,0.25,1980,2,69,1,n696-2,,,,,,0
25,25,247.75,0.25,247.75,0.25,1982,2,62,5,n710-2,,,,,,0
25,25,247.75,0.25,247.75,0.25,1982,2,71,1,n697-2,,,,,,0
26,26,248.0,0.25,248.0,0.25,1984,2,55,5,n724-2,,,,,,0
26,26,248.0,0.5,248.0,0.5,1984,4,72,1,n717-2,,,,,,0
26,26,248.0,1.0,248.0,1.0,1984,8,52,6,n740-2,I6,,,,,0
26,26,248.25,0.25,248.25,0.25,1986,2,60,5,n725-2,,,,,,0
26,26,248.5,0.25,248.5,0.25,1988,2,55,5,n726-2,,,,,,0
26,26,248.5,0.5,248.5,0.5,1988,4,72,1,n718-2,,,,,,0
26,26,248.75,0.25,248.75,0.25,1990,2,60,5,n727-2,,,,,,0
26,26,249.0,0.5,249.0,0.5,1992,4,72,1,n719-2,,,,,,0
26,26,249.0,0.25,249.0,0.25,1992,2,53,5,n728-2,,,,,,0
26,26,249.0,0.5,249.0,0.5,1992,4,50,6,n741-2,,,,,,0
26,26,249.25,0.25,249.25,0.25,1994,2,60,5,n729-2,,,,,,0
26,26,249.5,0.5,249.5,0.5,1996,4,72,1,n720-2,,,,,,0
26,26,249.5,0.25,249.5,0.25,1996,2,52,5,n730-2,,,,,,0
26,26,249.5,0.5,249.5,0.5,1996,4,48,6,n742-2,I,,,,,0
26,26,249.75,0.25,249.75,0.25,1998,2,60,5,n731-2,,,,,,0
26,26,250.0,0.5,250.0,0.5,2000,4,71,1,n721-2,,,,,,0
26,26,250.0,1.0,250.0,1.0,2000,8,50,6,n743-2,V43,,,,,0
26,26,250.0,0.25,250.0,0.25,2000,2,53,5,n732-2,,,,,,0
26,26,250.25,0.25,250.25,0.25,2002,2,55,5,n733-2,,,,,,0
26,26,250.5,0.5,250.5,0.5,2004,4,77,1,n722-2,,,,,,0
26,26,250.5,0.25,250.5,0.25,2004,2,53,5,n734-2,,,,,,0
26,26,250.75,0.25,250.75,0.25,2006,2,55,5,n735-2,,,,,,0
26,26,251.0,1.0,251.0,1.0,2008,8,77,1,n723-2,,,,,,0
26,26,251.0,0.5,251.0,0.5,2008,4,47,6,n744-2,V65,,,,,0
26,26,251.0,0.25,251.0,0.25,2008,2,50,5,n736-2,,,,,,0
26,26,251.25,0.25,251.25,0.25,2010,2,55,5,n737-2,,,,,,0
26,26,251.5,0.5,251.5,0.5,2012,4,43,6,n745-2,V7,,,,,0
26,26,251.5,0.25,251.5,0.25,2012,2,47,5,n738-2,,,,,,0
26,26,251.75,0.25,251.75,0.25,2014,2,55,5,n739-2,,,,,,0
27,27,252.0,0.0,252.0,0.0,2016,0,77,1,n746-2,,,,,,0
27,27,252.0,0.25,252.0,0.25,2016,2,48,6,n768-2,I,,,,,0
27,27,252.0,0.5,252.0,0.5,2016,4,76,1,n747-2,,,,,,0
27,27,252.25,0.25,252.25,0.25,2018,2,55,6,n769-2,,,,,,0
27,27,252.5,0.5,252.5,0.5,2020,4,53,6,n770-2,ii6,,,,,0
27,27,252.5,0.25,252.5,0.25,2020,2,57,5,n757-2,,,,,,0
27,27,252.5,0.25,252.5,0.25,2020,2,77,1,n748-2,,,,,,0
27,27,252.75,0.25,252.75,0.25,2022,2,65,5,n758-2,,,,,,0
27,27,252.75,0.25,252.75,0.25,2022,2,74,1,n749-2,,,,,,0
27,27,253.0,0.25,253.0,0.25,2024,2,55,5,n759-2,V(64),,,,,0
27,27,253.0,0.5,253.0,0.5,2024,4,72,1,n750-2,,,,,,0
27,27,253.25,0.25,253.25,0.25,2026,2,64,5,n760-2,,,,,,0
27,27,253.5,0.25,253.5,0.25,2028,2,53,5,n761-2,viio64,,,,,0
27,27,253.5,0.5,253.5,0.5,2028,4,71,1,n751-2,,,,,,0
27,27,253.75,0.25,253.75,0.25,2030,2,62,5,n762-2,,,,,,0
27,27,254.0,0.5,254.0,0.5,2032,4,72,1,n752-2,,,,,,0
27,27,254.0,0.5,254.0,0.5,2032,4,52,6,n771-2,I6,,,,,0
27,27,254.0,0.25,254.0,0.25,2032,2,55,5,n763-2,,,,,,0
27,27,254.25,0.25,254.25,0.25,2034,2,60,5,n764-2,,,,,,0
27,27,254.5,0.5,254.5,0.5,2036,4,82,1,n753-2,,,,,,0
27,27,254.5,0.5,254.5,0.5,2036,4,50,6,n772-2,V7/IV},1.5,4/4,,},3
27,27,254.5,0.25,254.5,0.25,2036,2,53,5,n765-2,,,,,,0
27,27,254.75,0.25,254.75,0.25,2038,2,60,5,n766-2,,,,,,0
27,27,255.0,0.5,255.0,0.5,2040,4,48,6,n773-2,,,,,,0
27,27,255.0,0.5,255.0,0.5,2040,4,82,1,n754-2,,,,,,0
27,27,255.0,0.5,255.0,0.5,2040,4,52,5,n767-2,,,,,,0
28,28,256.0,0.25,256.0,0.25,2048,2,65,5,n783-2,IV{,1.0,4/4,,{,1
28,28,256.0,1.0,256.0,1.0,2048,8,81,1,n774-2,,,,,,0
28,28,256.25,0.25,256.25,0.25,2050,2,72,5,n784-2,,,,,,0
28,28,256.5,0.25,256.5,0.25,2052,2,69,5,n785-2,,,,,,0
28,28,256.75,0.25,256.75,0.25,2054,2,72,5,n786-2,,,,,,0
28,28,257.0,0.75,257.0,0.75,2056,6,84,1,n775-2,,,,,,0
28,28,257.0,0.25,257.0,0.25,2056,2,64,5,n787-2,V65/IV,,,,,0
28,28,257.25,0.25,257.25,0.25,2058,2,72,5,n788-2,,,,,,0
28,28,257.5,0.25,257.5,0.25,2060,2,67,5,n789-2,,,,,,0
28,28,257.75,0.25,257.75,0.25,2062,2,72,5,n790-2,,,,,,0
28,28,257.75,0.25,257.75,0.25,2062,2,82,1,n776-2,,,,,,0
28,28,258.0,0.25,258.0,0.25,2064,2,65,5,n791-2,IV,,,,,0
28,28,258.0,0.5,258.0,0.5,2064,4,81,1,n777-2,,,,,,0
28,28,258.25,0.25,258.25,0.25,2066,2,72,5,n792-2,,,,,,0
28,28,258.5,0.25,258.5,0.25,2068,2,67,5,n793-2,,,,,,0
28,28,258.75,0.25,258.75,0.25,2070,2,72,5,n794-2,,,,,,0
28,28,258.875,0.125,258.875,0.125,2071,1,79,1,n779-2,V64/IV,,,,,0
28,28,259.0,0.5,259.0,0.5,2072,4,77,1,n780-2,,,,,,0
28,28,259.0,0.25,259.0,0.25,2072,2,69,5,n795-2,IV6,,,,,0
28,28,259.25,0.25,259.25,0.25,2074,2,72,5,n796-2,,,,,,0
28,28,259.5,0.25,259.5,0.25,2076,2,65,5,n797-2,IV,,,,,0
28,28,259.75,0.25,259.75,0.25,2078,2,72,5,n798-2,,,,,,0
28,28,259.875,0.125,259.875,0.125,2079,1,81,1,n782-2,,,,,,0
29,29,260.0,0.5,260.0,0.5,2080,4,79,1,n799-2,,,,,,0
29,29,260.0,0.25,260.0,0.25,2080,2,64,5,n809-2,I6,,,,,0
29,29,260.25,0.25,260.25,0.25,2082,2,67,5,n810-2,,,,,,0
29,29,260.5,0.25,260.5,0.25,2084,2,62,5,n811-2,viio6,,,,,0
29,29,260.75,0.25,260.75,0.25,2086,2,65,5,n812-2,,,,,,0
29,29,260.875,0.125,260.875,0.125,2087,1,83,1,n801-2,,,,,,0
29,29,261.0,0.25,261.0,0.25,2088,2,64,5,n813-2,I6,,,,,0
29,29,261.0,0.5,261.0,0.5,2088,4,84,1,n802-2,,,,,,0
29,29,261.25,0.25,261.25,0.25,2090,2,67,5,n814-2,,,,,,0
29,29,261.5,0.25,261.5,0.25,2092,2,60,5,n815-2,I,,,,,0
29,29,261.75,0.25,261.75,0.25,2094,2,64,5,n816-2,,,,,,0
29,29,261.875,0.125,261.875,0.125,2095,1,88,1,n804-2,,,,,,0
29,29,262.0,0.25,262.0,0.25,2096,2,62,5,n817-2,V64,,,,,0
29,29,262.0,0.5,262.0,0.5,2096,4,79,1,n805-2,,,,,,0
29,29,262.25,0.25,262.25,0.25,2098,2,67,5,n818-2,,,,,,0
29,29,262.5,0.5,262.5,0.5,2100,4,77,1,n806-2,,,,,,0
29,29,262.5,0.25,262.5,0.25,2100,2,59,5,n819-2,V65,,,,,0
29,29,262.75,0.25,262.75,0.25,2102,2,67,5,n820-2,,,,,,0
29,29,263.0,0.5,263.0,0.5,2104,4,76,1,n807-2,,,,,,0
29,29,263.0,0.25,263.0,0.25,2104,2,60,5,n821-2,I},1.0,4/4,,},3
29,29,263.25,0.25,263.25,0.25,2106,2,59,5,n822-2,,,,,,0
29,29,263.5,0.25,263.5,0.25,2108,2,57,5,n823-2,,,,,,0
29,29,263.75,0.25,263.75,0.25,2110,2,55,5,n824-2,,,,,,0
30,30,264.0,1.0,264.0,1.0,2112,8,74,1,n825-2,,,,,,0
30,30,264.0,0.25,264.0,0.25,2112,2,53,5,n839-2,ii6{,2.0,4/4,,{,1
30,30,264.25,0.25,264.25,0.25,2114,2,57,5,n840-2,,,,,,0
30,30,264.5,0.25,264.5,0.25,2116,2,62,5,n841-2,,,,,,0
30,30,264.75,0.25,264.75,0.25,2118,2,65,5,n842-2,,,,,,0
30,30,265.0,0.25,265.0,0.25,2120,2,69,5,n843-2,,,,,,0
30,30,265.0,0.25,265.0,0.25,2120,2,77,1,n826-2,,,,,,0
30,30,265.25,0.25,265.25,0.25,2122,2,67,5,n844-2,,,,,,0
30,30,265.25,0.25,265.25,0.25,2122,2,76,1,n827-2,,,,,,0
30,30,265.5,0.25,265.5,0.25,2124,2,65,5,n845-2,,,,,,0
30,30,265.5,0.25,265.5,0.25,2124,2,74,1,n828-2,,,,,,0
30,30,265.75,0.25,265.75,0.25,2126,2,64,5,n846-2,,,,,,0
30,30,265.75,0.25,265.75,0.25,2126,2,72,1,n829-2,,,,,,0
30,30,266.0,0.25,266.0,0.25,2128,2,62,5,n847-2,viio6,,,,,0
30,30,266.0,0.25,266.0,0.25,2128,2,71,1,n830-2,,,,,,0
30,30,266.25,0.25,266.25,0.25,2130,2,72,1,n831-2,,,,,,0
30,30,266.25,0.25,266.25,0.25,2130,2,64,5,n848-2,,,,,,0
30,30,266.5,0.25,266.5,0.25,2132,2,65,5,n849-2,,,,,,0
30,30,266.5,0.25,266.5,0.25,2132,2,74,1,n832-2,,,,,,0
30,30,266.75,0.25,266.75,0.25,2134,2,76,1,n833-2,,,,,,0
30,30,266.75,0.25,266.75,0.25,2134,2,64,5,n850-2,,,,,,0
30,30,267.0,0.25,267.0,0.25,2136,2,77,1,n834-2,,,,,,0
30,30,267.0,0.25,267.0,0.25,2136,2,62,5,n851-2,,,,,,0
30,30,267.25,0.25,267.25,0.25,2138,2,64,5,n852-2,,,,,,0
30,30,267.25,0.25,267.25,0.25,2138,2,79,1,n835-2,,,,,,0
30,30,267.5,0.25,267.5,0.25,2140,2,81,1,n836-2,,,,,,0
30,30,267.5,0.25,267.5,0.25,2140,2,65,5,n853-2,,,,,,0
30,30,267.75,0.25,267.75,0.25,2142,2,62,5,n854-2,,,,,,0
30,30,267.75,0.25,267.75,0.25,2142,2,83,1,n837-2,,,,,,0
31,31,268.0,0.25,268.0,0.25,2144,2,64,5,n868-2,I6,,,,,0
31,31,268.0,0.25,268.0,0.25,2144,2,84,1,n855-2,,,,,,0
31,31,268.25,0.25,268.25,0.25,2146,2,59,5,n869-2,viio,,,,,0
31,31,268.25,0.25,268.25,0.25,2146,2,74,1,n856-2,,,,,,0
31,31,268.5,0.25,268.5,0.25,2148,2,60,5,n870-2,,,,,,0
31,31,268.5,0.25,268.5,0.25,2148,2,76,1,n857-2,,,,,,0
31,31,268.75,0.25,268.75,0.25,2150,2,62,5,n871-2,,,,,,0
31,31,268.75,0.25,268.75,0.25,2150,2,77,1,n858-2,,,,,,0
31,31,269.0,0.25,269.0,0.25,2152,2,64,5,n872-2,I6,,,,,0
31,31,269.0,0.25,269.0,0.25,2152,2,79,1,n859-2,,,,,,0
31,31,269.25,0.25,269.25,0.25,2154,2,76,1,n860-2,,,,,,0
31,31,269.25,0.25,269.25,0.25,2154,2,60,5,n873-2,,,,,,0
31,31,269.5,0.25,269.5,0.25,2156,2,81,1,n861-2,,,,,,0
31,31,269.5,0.25,269.5,0.25,2156,2,65,5,n874-2,ii6,,,,,0
31,31,269.75,0.25,269.75,0.25,2158,2,77,1,n862-2,,,,,,0
31,31,269.75,0.25,269.75,0.25,2158,2,62,5,n875-2,,,,,,0
31,31,270.0,1.0,270.0,1.0,2160,8,72,1,n863-2,,,,,,0
31,31,270.0,1.0,270.0,1.0,2160,8,76,1,n864-2,,,,,,0
31,31,270.0,0.25,270.0,0.25,2160,2,60,5,n876-2,I,,,,,0
31,31,270.25,0.25,270.25,0.25,2162,2,57,5,n877-2,,,,,,0
31,31,270.5,0.25,270.5,0.25,2164,2,55,5,n878-2,,,,,,0
31,31,270.75,0.25,270.75,0.25,2166,2,54,5,n879-2,vii%7/V,,,,,0
31,31,271.0,0.5,271.0,0.5,2168,4,74,1,n866-2,,,,,,0
31,31,271.0,0.5,271.0,0.5,2168,4,71,1,n865-2,,,,,,0
31,31,271.0,0.25,271.0,0.25,2168,2,55,5,n880-2,V|HC},1.0,4/4,,},3
31,31,271.25,0.25,271.25,0.25,2170,2,53,5,n881-2,,,,,,0
31,31,271.5,0.25,271.5,0.25,2172,2,52,5,n882-2,,,,,,0
31,31,271.75,0.25,271.75,0.25,2174,2,50,5,n883-2,,,,,,0
32,32,272.0,0.25,272.0,0.25,2176,2,48,5,n900-2,I{,2.0,4/4,,{,1
32,32,272.0,0.75,272.0,0.75,2176,6,67,1,n884-2,,,,,,0
32,32,272.25,0.25,272.25,0.25,2178,2,55,5,n901-2,,,,,,0
32,32,272.5,0.25,272.5,0.25,2180,2,52,5,n902-2,,,,,,0
32,32,272.75,0.25,272.75,0.25,2182,2,55,5,n903-2,,,,,,0
32,32,272.75,0.125,272.75,0.125,2182,1,69,1,n885-2,,,,,,0
32,32,272.875,0.125,272.875,0.125,2183,1,71,1,n886-2,,,,,,0
32,32,273.0,0.25,273.0,0.25,2184,2,48,5,n904-2,,,,,,0
32,32,273.0,0.25,273.0,0.25,2184,2,72,1,n887-2,,,,,,0
32,32,273.25,0.25,273.25,0.25,2186,2,55,5,n905-2,,,,,,0
32,32,273.25,0.25,273.25,0.25,2186,2,71,1,n888-2,,,,,,0
32,32,273.5,0.25,273.5,0.25,2188,2,69,1,n889-2,,,,,,0
32,32,273.5,0.25,273.5,0.25,2188,2,52,5,n906-2,,,,,,0
32,32,273.75,0.25,273.75,0.25,2190,2,67,1,n890-2,,,,,,0
32,32,273.75,0.25,273.75,0.25,2190,2,55,5,n907-2,,,,,,0
32,32,274.0,0.25,274.0,0.25,2192,2,50,5,n908-2,V43,,,,,0
32,32,274.0,0.25,274.0,0.25,2192,2,67,1,n891-2,,,,,,0
32,32,274.25,0.25,274.25,0.25,2194,2,55,5,n909-2,,,,,,0
32,32,274.25,0.125,274.25,0.125,2194,1,65,1,n892-2,,,,,,0
32,32,274.5,0.25,274.5,0.25,2196,2,64,1,n894-2,,,,,,0
32,32,274.5,0.25,274.5,0.25,2196,2,53,5,n910-2,,,,,,0
32,32,274.75,0.125,274.75,0.125,2198,1,62,1,n895-2,,,,,,0
32,32,274.75,0.25,274.75,0.25,2198,2,55,5,n911-2,,,,,,0
32,32,275.0,0.25,275.0,0.25,2200,2,50,5,n912-2,,,,,,0
32,32,275.0,0.5,275.0,0.5,2200,4,60,1,n897-2,,,,,,0
32,32,275.25,0.25,275.25,0.25,2202,2,55,5,n913-2,,,,,,0
32,32,275.5,0.25,275.5,0.25,2204,2,59,1,n898-2,,,,,,0
32,32,275.5,0.25,275.5,0.25,2204,2,53,5,n914-2,,,,,,0
32,32,275.75,0.25,275.75,0.25,2206,2,55,5,n915-2,,,,,,0
33,33,276.0,0.25,276.0,0.25,2208,2,60,5,n936-2,I,,,,,0
33,33,276.0,0.75,276.0,0.75,2208,6,79,1,n916-2,,,,,,0
33,33,276.25,0.25,276.25,0.25,2210,2,67,5,n937-2,,,,,,0
33,33,276.5,0.25,276.5,0.25,2212,2,64,5,n938-2,,,,,,0
33,33,276.75,0.125,276.75,0.125,2214,1,81,1,n917-2,,,,,,0
33,33,276.75,0.25,276.75,0.25,2214,2,67,5,n939-2,,,,,,0
33,33,276.875,0.125,276.875,0.125,2215,1,83,1,n918-2,,,,,,0
33,33,277.0,0.125,277.0,0.125,2216,1,84,1,n919-2,,,,,,0
33,33,277.0,0.25,277.0,0.25,2216,2,60,5,n940-2,,,,,,0
33,33,277.125,0.125,277.125,0.125,2217,1,86,1,n920-2,,,,,,0
33,33,277.25,0.125,277.25,0.125,2218,1,88,1,n921-2,,,,,,0
33,33,277.25,0.25,277.25,0.25,2218,2,67,5,n941-2,,,,,,0
33,33,277.375,0.125,277.375,0.125,2219,1,83,1,n922-2,,,,,,0
33,33,277.5,0.25,277.5,0.25,2220,2,64,5,n942-2,,,,,,0
33,33,277.5,0.125,277.5,0.125,2220,1,84,1,n923-2,,,,,,0
33,33,277.625,0.125,277.625,0.125,2221,1,79,1,n924-2,,,,,,0
33,33,277.75,0.125,277.75,0.125,2222,1,81,1,n925-2,,,,,,0
33,33,277.75,0.25,277.75,0.25,2222,2,67,5,n943-2,,,,,,0
33,33,277.875,0.125,277.875,0.125,2223,1,76,1,n926-2,,,,,,0
33,33,278.0,0.25,278.0,0.25,2224,2,62,5,n944-2,V43,,,,,0
33,33,278.0,0.25,278.0,0.25,2224,2,79,1,n927-2,,,,,,0
33,33,278.25,0.25,278.25,0.25,2226,2,67,5,n945-2,,,,,,0
33,33,278.25,0.125,278.25,0.125,2226,1,79,1,n928-2,,,,,,0
33,33,278.375,0.125,278.375,0.125,2227,1,77,1,n929-2,,,,,,0
33,33,278.5,0.25,278.5,0.25,2228,2,65,5,n946-2,,,,,,0
33,33,278.5,0.25,278.5,0.25,2228,2,76,1,n930-2,,,,,,0
33,33,278.75,0.125,278.75,0.125,2230,1,76,1,n931-2,,,,,,0
33,33,278.75,0.25,278.75,0.25,2230,2,67,5,n947-2,,,,,,0
33,33,278.875,0.125,278.875,0.125,2231,1,74,1,n932-2,,,,,,0
33,33,279.0,0.5,279.0,0.5,2232,4,72,1,n933-2,,,,,,0
33,33,279.0,0.25,279.0,0.25,2232,2,62,5,n948-2,,,,,,0
33,33,279.25,0.25,279.25,0.25,2234,2,67,5,n949-2,,,,,,0
33,33,279.5,0.25,279.5,0.25,2236,2,71,1,n934-2,,,,,,0
33,33,279.5,0.25,279.5,0.25,2236,2,65,5,n950-2,,,,,,0
33,33,279.75,0.25,279.75,0.25,2238,2,67,5,n951-2,,,,,,0
34,34,280.0,0.25,280.0,0.25,2240,2,72,1,n952-2,,,,,,0
34,34,280.0,0.25,280.0,0.25,2240,2,64,5,n962-2,I6,,,,,0
34,34,280.25,0.25,280.25,0.25,2242,2,72,5,n963-2,,,,,,0
34,34,280.25,0.25,280.25,0.25,2242,2,84,1,n953-2,,,,,,0
34,34,280.5,0.25,280.5,0.25,2244,2,67,5,n964-2,,,,,,0
34,34,280.5,1.0,280.5,1.0,2244,8,84,1,n954-2,,,,,,0
34,34,280.75,0.25,280.75,0.25,2246,2,72,5,n965-2,,,,,,0
34,34,281.0,0.25,281.0,0.25,2248,2,64,5,n966-2,,,,,,0
34,34,281.25,0.25,281.25,0.25,2250,2,72,5,n967-2,,,,,,0
34,34,281.5,0.5,281.5,0.5,2252,4,82,1,n955-2,,,,,,0
34,34,281.5,0.25,281.5,0.25,2252,2,67,5,n968-2,V65/IV,,,,,0
34,34,281.75,0.25,281.75,0.25,2254,2,72,5,n969-2,,,,,,0
34,34,282.0,0.25,282.0,0.25,2256,2,65,5,n970-2,IV(#2),,,,,0
34,34,282.0,0.5,282.0,0.5,2256,4,80,1,n956-2,,,,,,0
34,34,282.25,0.25,282.25,0.25,2258,2,72,5,n971-2,,,,,,0
34,34,282.5,0.5,282.5,0.5,2260,4,81,1,n957-2,,,,,,0
34,34,282.5,0.25,282.5,0.25,2260,2,69,5,n972-2,IV,,,,,0
34,34,282.75,0.25,282.75,0.25,2262,2,72,5,n973-2,,,,,,0
34,34,283.0,0.5,283.0,0.5,2264,4,84,1,n959-2,,,,,,0
34,34,283.0,0.25,283.0,0.25,2264,2,65,5,n974-2,,,,,,0
34,34,283.0,0.0,283.0,0.0,2264,0,86,1,n958-2,,,,,,0
34,34,283.25,0.25,283.25,0.25,2266,2,72,5,n975-2,,,,,,0
34,34,283.5,0.25,283.5,0.25,2268,2,69,5,n976-2,,,,,,0
34,34,283.5,0.25,283.5,0.25,2268,2,83,1,n960-2,,,,,,0
34,34,283.75,0.25,283.75,0.25,2270,2,81,1,n961-2,,,,,,0
34,34,283.75,0.25,283.75,0.25,2270,2,72,5,n977-2,,,,,,0
35,35,284.0,0.25,284.0,0.25,2272,2,64,5,n988-2,I6,,,,,0
35,35,284.0,0.5,284.0,0.5,2272,4,79,1,n979-2,,,,,,0
35,35,284.0,0.0,284.0,0.0,2272,0,81,1,n978-2,,,,,,0
35,35,284.25,0.25,284.25,0.25,2274,2,72,5,n989-2,,,,,,0
35,35,284.5,0.25,284.5,0.25,2276,2,65,5,n990-2,ii6,,,,,0
35,35,284.5,0.25,284.5,0.25,2276,2,81,1,n980-2,,,,,,0
35,35,284.75,0.25,284.75,0.25,2278,2,74,5,n991-2,,,,,,0
35,35,284.75,0.25,284.75,0.25,2278,2,77,1,n981-2,,,,,,0
35,35,285.0,0.5,285.0,0.5,2280,4,76,1,n982-2,,,,,,0
35,35,285.0,0.25,285.0,0.25,2280,2,67,5,n992-2,V(64),,,,,0
35,35,285.25,0.25,285.25,0.25,2282,2,72,5,n993-2,,,,,,0
35,35,285.5,0.25,285.5,0.25,2284,2,65,5,n994-2,viio64,,,,,0
35,35,285.5,0.5,285.5,0.5,2284,4,74,1,n983-2,,,,,,0
35,35,285.75,0.25,285.75,0.25,2286,2,71,5,n995-2,,,,,,0
35,35,286.0,0.25,286.0,0.25,2288,2,64,5,n996-2,I6,,,,,0
35,35,286.0,0.25,286.0,0.25,2288,2,72,1,n984-2,,,,,,0
35,35,286.25,0.25,286.25,0.25,2290,2,72,5,n997-2,,,,,,0
35,35,286.25,0.25,286.25,0.25,2290,2,84,1,n985-2,,,,,,0
35,35,286.5,0.25,286.5,0.25,2292,2,67,5,n998-2,,,,,,0
35,35,286.5,1.0,286.5,1.0,2292,8,84,1,n986-2,,,,,,0
35,35,286.75,0.25,286.75,0.25,2294,2,72,5,n999-2,,,,,,0
35,35,287.0,0.25,287.0,0.25,2296,2,64,5,n1000-2,,,,,,0
35,35,287.25,0.25,287.25,0.25,2298,2,72,5,n1001-2,,,,,,0
35,35,287.5,0.5,287.5,0.5,2300,4,82,1,n987-2,,,,,,0
35,35,287.5,0.25,287.5,0.25,2300,2,67,5,n1002-2,V65/IV,,,,,0
35,35,287.75,0.25,287.75,0.25,2302,2,72,5,n1003-2,,,,,,0
36,36,288.0,0.5,288.0,0.5,2304,4,80,1,n1004-2,,,,,,0
36,36,288.0,1.0,288.0,1.0,2304,8,65,5,n1027-2,IV(#2),,,,,0
36,36,288.0,1.0,288.0,1.0,2304,8,72,5,n1028-2,,,,,,0
36,36,288.5,0.5,288.5,0.5,2308,4,81,1,n1005-2,IV,,,,,0
36,36,289.5,0.0,289.5,0.0,2316,0,86,1,n1007-2,,,,,,0
36,36,289.5,0.25,289.5,0.25,2316,2,84,1,n1008-2,,,,,,0
36,36,289.75,0.125,289.75,0.125,2318,1,83,1,n1009-2,,,,,,0
36,36,289.875,0.125,289.875,0.125,2319,1,81,1,n1010-2,,,,,,0
36,36,290.0,0.5,290.0,0.5,2320,4,64,5,n1030-2,I6,,,,,0
36,36,290.0,0.5,290.0,0.5,2320,4,72,5,n1031-2,,,,,,0
36,36,290.0,0.125,290.0,0.125,2320,1,78,1,n1011-2,,,,,,0
36,36,290.125,0.125,290.125,0.125,2321,1,79,1,n1012-2,,,,,,0
36,36,290.25,0.125,290.25,0.125,2322,1,78,1,n1013-2,,,,,,0
36,36,290.375,0.125,290.375,0.125,2323,1,79,1,n1014-2,,,,,,0
36,36,290.5,0.5,290.5,0.5,2324,4,65,5,n1032-2,IV,,,,,0
36,36,290.5,0.0,290.5,0.0,2324,0,83,1,n1015-2,,,,,,0
36,36,290.5,0.25,290.5,0.25,2324,2,81,1,n1016-2,,,,,,0
36,36,290.5,0.5,290.5,0.5,2324,4,72,5,n1033-2,,,,,,0
36,36,290.75,0.125,290.75,0.125,2326,1,79,1,n1017-2,,,,,,0
36,36,290.875,0.125,290.875,0.125,2327,1,77,1,n1018-2,,,,,,0
36,36,291.0,0.5,291.0,0.5,2328,4,72,5,n1035-2,,,,,,0
36,36,291.0,0.5,291.0,0.5,2328,4,67,5,n1034-2,V(64),,,,,0
36,36,291.0,0.125,291.0,0.125,2328,1,75,1,n1019-2,,,,,,0
36,36,291.125,0.125,291.125,0.125,2329,1,76,1,n1020-2,,,,,,0
36,36,291.25,0.125,291.25,0.125,2330,1,75,1,n1021-2,,,,,,0
36,36,291.375,0.125,291.375,0.125,2331,1,76,1,n1022-2,,,,,,0
36,36,291.5,0.0,291.5,0.0,2332,0,79,1,n1023-2,,,,,,0
36,36,291.5,0.25,291.5,0.25,2332,2,77,1,n1024-2,,,,,,0
36,36,291.5,0.5,291.5,0.5,2332,4,71,5,n1037-2,,,,,,0
36,36,291.5,0.5,291.5,0.5,2332,4,67,5,n1036-2,V,,,,,0
36,36,291.75,0.125,291.75,0.125,2334,1,76,1,n1025-2,,,,,,0
36,36,291.875,0.125,291.875,0.125,2335,1,74,1,n1026-2,,,,,,0
X2,37,292.0,0.5,292.0,0.5,2336,4,60,5,n1079-1,I|PAC},4.0,4/4,2.0,},3
X2,37,292.0,0.5,292.0,0.5,2336,4,72,1,n1062-1,,,,,,0
X2,37,292.5,0.125,292.5,0.125,2340,1,72,5,n1080-1,,,,,,0
X2,37,292.625,0.125,292.625,0.125,2341,1,71,5,n1081-1,,,,,,0
X2,37,292.75,0.125,292.75,0.125,2342,1,72,5,n1082-1,,,,,,0
X2,37,292.875,0.125,292.875,0.125,2343,1,69,5,n1083-1,,,,,,0
X2,37,293.0,0.5,293.0,0.5,2344,4,67,5,n1084-1,,,,,,0
X2,37,293.5,0.125,293.5,0.125,2348,1,69,5,n1085-1,,,,,,0
X2,37,293.5,0.125,293.5,0.125,2348,1,84,1,n1065-1,,,,,,0
X2,37,293.625,0.125,293.625,0.125,2349,1,67,5,n1086-1,,,,,,0
X2,37,293.625,0.125,293.625,0.125,2349,1,83,1,n1066-1,,,,,,0
X2,37,293.75,0.125,293.75,0.125,2350,1,69,5,n1087-1,,,,,,0
X2,37,293.75,0.125,293.75,0.125,2350,1,84,1,n1067-1,,,,,,0
X2,37,293.875,0.125,293.875,0.125,2351,1,65,5,n1088-1,,,,,,0
X2,37,293.875,0.125,293.875,0.125,2351,1,81,1,n1068-1,,,,,,0
X2,37,294.0,0.5,294.0,0.5,2352,4,64,5,n1089-1,,,,,,0
X2,37,294.0,0.5,294.0,0.5,2352,4,79,1,n1069-1,,,,,,0
X2,37,294.5,0.125,294.5,0.125,2356,1,65,5,n1090-1,,,,,,0
X2,37,294.5,0.125,294.5,0.125,2356,1,81,1,n1070-1,,,,,,0
X2,37,294.625,0.125,294.625,0.125,2357,1,64,5,n1091-1,,,,,,0
X2,37,294.625,0.125,294.625,0.125,2357,1,79,1,n1071-1,,,,,,0
X2,37,294.75,0.125,294.75,0.125,2358,1,81,1,n1072-1,,,,,,0
X2,37,294.75,0.125,294.75,0.125,2358,1,65,5,n1092-1,,,,,,0
X2,37,294.875,0.125,294.875,0.125,2359,1,62,5,n1093-1,,,,,,0
X2,37,294.875,0.125,294.875,0.125,2359,1,77,1,n1073-1,,,,,,0
X2,37,295.0,0.5,295.0,0.5,2360,4,60,5,n1094-1,,,,,,0
X2,37,295.0,0.5,295.0,0.5,2360,4,76,1,n1074-1,,,,,,0
X2,37,295.5,0.125,295.5,0.125,2364,1,77,1,n1075-1,,,,,,0
X2,37,295.625,0.125,295.625,0.125,2365,1,76,1,n1076-1,,,,,,0
X2,37,295.75,0.125,295.75,0.125,2366,1,77,1,n1077-1,,,,,,0
X2,37,295.875,0.125,295.875,0.125,2367,1,74,1,n1078-1,,,,,,0
38,38,296.0,1.0,296.0,1.0,2368,8,57,6,n1119-1,V43/V{,2.0,4/4,,{,1
38,38,296.0,1.0,296.0,1.0,2368,8,60,6,n1119a-1,,,,,,0
38,38,296.0,0.25,296.0,0.25,2368,2,62,5,n1103-1,,,,,,0
38,38,296.0,0.5,296.0,0.5,2368,4,72,1,n1096-1,,,,,,0
38,38,296.25,0.25,296.25,0.25,2370,2,66,5,n1104-1,,,,,,0
38,38,296.5,0.5,296.5,0.5,2372,4,72,1,n1097-1,,,,,,0
38,38,296.5,0.25,296.5,0.25,2372,2,62,5,n1105-1,,,,,,0
38,38,296.75,0.25,296.75,0.25,2374,2,66,5,n1106-1,,,,,,0
38,38,297.0,0.5,297.0,0.5,2376,4,57,6,n1120-1,,,,,,0
38,38,297.0,0.25,297.0,0.25,2376,2,62,5,n1107-1,,,,,,0
38,38,297.0,0.5,297.0,0.5,2376,4,72,1,n1098-1,,,,,,0
38,38,297.25,0.25,297.25,0.25,2378,2,66,5,n1108-1,,,,,,0
38,38,297.5,0.5,297.5,0.5,2380,4,57,6,n1121-1,,,,,,0
38,38,297.5,0.25,297.5,0.25,2380,2,62,5,n1109-1,,,,,,0
38,38,297.5,0.5,297.5,0.5,2380,4,72,1,n1099-1,,,,,,0
38,38,297.75,0.25,297.75,0.25,2382,2,66,5,n1110-1,,,,,,0
38,38,298.0,1.0,298.0,1.0,2384,8,55,6,n1122-1,V7,,,,,0
38,38,298.0,0.25,298.0,0.25,2384,2,62,5,n1111-1,,,,,,0
38,38,298.0,0.5,298.0,0.5,2384,4,71,1,n1100-1,,,,,,0
38,38,298.25,0.25,298.25,0.25,2386,2,65,5,n1112-1,,,,,,0
38,38,298.5,0.5,298.5,0.5,2388,4,77,1,n1101-1,,,,,,0
38,38,298.5,0.25,298.5,0.25,2388,2,62,5,n1113-1,,,,,,0
38,38,298.75,0.25,298.75,0.25,2390,2,65,5,n1114-1,,,,,,0
38,38,299.0,0.5,299.0,0.5,2392,4,55,6,n1123-1,,,,,,0
38,38,299.0,0.25,299.0,0.25,2392,2,59,5,n1115-1,,,,,,0
38,38,299.0,1.0,299.0,1.0,2392,8,77,1,n1102-1,,,,,,0
38,38,299.25,0.25,299.25,0.25,2394,2,62,5,n1116-1,,,,,,0
38,38,299.5,0.5,299.5,0.5,2396,4,56,6,n1124-1,#viio7/vi,,,,,0
38,38,299.5,0.25,299.5,0.25,2396,2,59,5,n1117-1,,,,,,0
38,38,299.75,0.25,299.75,0.25,2398,2,62,5,n1118-1,,,,,,0
39,39,300.0,0.5,300.0,0.5,2400,4,57,6,n1143-1,vi,,,,,0
39,39,300.0,1.5,300.0,1.5,2400,12,60,5,n1140-1,,,,,,0
39,39,300.0,1.0,300.0,1.0,2400,8,76,1,n1125-1,,,,,,0
39,39,300.5,0.5,300.5,0.5,2404,4,55,6,n1144-1,V(64),,,,,0
39,39,300.5,0.5,300.5,0.5,2404,4,67,2,n1135-1,,,,,,0
39,39,301.0,0.0,301.0,0.0,2408,0,79,1,n1126-1,,,,,,0
39,39,301.0,0.5,301.0,0.5,2408,4,77,1,n1127-1,,,,,,0
39,39,301.0,0.5,301.0,0.5,2408,4,53,6,n1145-1,IV,,,,,0
39,39,301.0,0.5,301.0,0.5,2408,4,69,2,n1136-1,,,,,,0
39,39,301.5,0.5,301.5,0.5,2412,4,55,6,n1146-1,V7,,,,,0
39,39,301.5,0.5,301.5,0.5,2412,4,65,5,n1141-1,,,,,,0
39,39,301.5,0.5,301.5,0.5,2412,4,71,2,n1137-1,,,,,,0
39,39,301.5,0.25,301.5,0.25,2412,2,76,1,n1128-1,,,,,,0
39,39,301.75,0.25,301.75,0.25,2414,2,74,1,n1129-1,,,,,,0
39,39,302.0,0.5,302.0,0.5,2416,4,60,6,n1147-1,I(974)},1.0,4/4,,},3
39,39,302.0,1.0,302.0,1.0,2416,8,65,2,n1138-1,,,,,,0
39,39,302.0,1.0,302.0,1.0,2416,8,71,1,n1130-1,,,,,,0
39,39,302.0,1.0,302.0,1.0,2416,8,74,1,n1131-1,,,,,,0
39,39,302.5,0.5,302.5,0.5,2420,4,55,6,n1148-1,,,,,,0
39,39,303.0,0.5,303.0,0.5,2424,4,64,2,n1139-1,,,,,,0
39,39,303.0,0.5,303.0,0.5,2424,4,67,1,n1132-1,,,,,,0
39,39,303.0,0.5,303.0,0.5,2424,4,48,6,n1149-1,I|PAC,,,,,0
39,39,303.0,0.5,303.0,0.5,2424,4,72,1,n1133-1,,,,,,0
